1895 9125 
9904 852 
193 1752 
3576 3230 
4687 424 
5619 760 
6056 4743 
1747 6553 
7740 9139 

4187 7539 
4795 8278 
4813 4919 
1641 85 
2088 170 
4101 20 
7606 5997 
5497 7510 
3201 2042 

5614 6777 
5273 302 
3554 892 
7414 9610 
1988 9161 
2515 9728 
4652 6702 
3619 5799 
1333 8433 

718 2974 
8518 2806 
9496 8971 
9178 7102 
4968 1028 
965 8169 
3070 2931 
1299 8343 
3233 1205 

5588 647 
815 7576 
6160 9682 
3656 7164 
6384 7275 
2964 7717 
5708 34 
7043 578 
9193 2891 

5902 4723 
6346 870 
5751 7311 
5392 8822 
242 6691 
3517 9828 
4248 9105 
6827 1415 
6681 9340 

1097 337 
6504 7481 
3965 5820 
1551 6025 
2207 4946 
6604 1400 
4190 8858 
6123 536 
9728 8227 

7847 1472 
3401 4441 
4515 6918 
621 8763 
2376 7449 
178 9057 
3141 1275 
5747 9645 
5109 6064 

1818 6660 
2089 377 
7958 5045 
1777 2148 
3903 4252 
2684 3632 
8831 6883 
1456 2232 
7677 5972 

5503 8298 
4735 7879 
2099 4914 
3288 5240 
6189 5387 
1238 1298 
1451 3056 
4310 3541 
3433 8621 

4938 1562 
769 8842 
2166 9806 
8826 998 
6689 282 
9582 4366 
6254 1437 
9017 990 
9316 1116 

2256 8957 
2709 8445 
696 3947 
6096 8500 
3355 6758 
8393 3140 
5379 3331 
4702 2501 
2173 3220 

8659 999 
4218 5348 
7634 153 
6067 3888 
1590 1436 
1230 7259 
8904 3486 
2568 1613 
1932 3264 

5560 4380 
1764 8915 
7490 157 
8407 9222 
9841 9461 
8075 2014 
2682 6734 
9366 3252 
8434 7000 

3405 853 
7240 1348 
2289 8471 
8607 1194 
1957 1175 
2807 241 
791 4720 
973 2556 
9987 8464 

9065 8395 
4038 8906 
7856 2113 
7273 6890 
8847 6639 
143 7281 
9991 9900 
8135 7231 
1248 6776 

5702 6207 
7970 4012 
3734 7130 
605 4526 
8202 1579 
7082 4541 
6395 2499 
2936 433 
1406 7145 

2546 8679 
387 1393 
1670 530 
5026 1661 
6783 3161 
5244 4383 
9938 7299 
591 4260 
1311 4325 

7742 1916 
5203 2296 
9847 8637 
6838 6242 
1137 9774 
6675 8895 
3271 9221 
7574 3659 
6966 5596 

541 1993 
3609 3676 
1506 8853 
8060 7796 
6152 5003 
8409 3815 
5680 6151 
2084 884 
8448 1931 

9521 1638 
8174 658 
7764 4849 
9553 1036 
423 3479 
1047 7389 
5427 7940 
5734 9036 
7969 7241 

7890 6029 
5037 394 
7384 9798 
562 3064 
5950 2646 
300 750 
4577 6174 
2388 2751 
6832 152 

3953 2738 
7540 4376 
2569 4939 
8117 4349 
2880 3852 
3385 7201 
1093 7627 
9582 2482 
8022 6966 

2281 8584 
6382 4583 
7582 6683 
5333 2159 
9209 4073 
1263 6041 
577 5216 
5131 8118 
5944 4053 

9409 4061 
8402 8641 
4265 8139 
5842 5358 
5767 5424 
4193 141 
2390 6474 
5077 5125 
1057 2659 

8160 2742 
4818 7369 
3167 2433 
9762 3744 
4001 1246 
8214 9945 
5299 7624 
359 53 
2617 4624 

8192 8460 
6335 311 
3884 528 
452 2627 
3354 5529 
4104 4411 
4540 2264 
3505 5711 
9633 3024 

8144 5747 
3120 2146 
6993 1335 
8443 8644 
5311 5154 
8697 4280 
6131 3242 
2740 2466 
3553 2977 

9346 358 
1956 2700 
2239 6060 
3463 6780 
8324 6968 
2491 4309 
6344 635 
56 9464 
9133 3402 

7151 3929 
2046 8814 
9083 7096 
3095 5214 
6690 5835 
4032 6595 
5164 3378 
6953 7120 
6078 9193 

9532 9541 
2325 4208 
2861 4816 
8517 5557 
1803 4926 
5022 937 
4680 2173 
4866 6726 
988 301 

174 435 
5516 6864 
2622 5900 
9812 7787 
9279 3117 
1259 1709 
2310 792 
1251 987 
5000 464 

5803 9870 
6022 7607 
1148 7396 
8544 5828 
9569 9762 
8906 6909 
63 9081 
3696 1931 
2297 6319 

7832 2109 
458 7111 
5227 1717 
8820 3889 
8861 6423 
4877 214 
3240 680 
84 5614 
4639 7584 

3010 3183 
3412 8931 
9297 2318 
2193 9361 
1399 5889 
1292 49 
8560 9124 
2158 9018 
2587 3737 

7088 7760 
7627 5949 
535 8856 
6163 3775 
9536 2599 
9389 528 
183 8751 
3711 9947 
7683 9361 

2266 9876 
8722 17 
2117 6366 
66 678 
1843 8577 
9696 782 
2314 6784 
8542 6293 
9086 9078 

5149 1601 
9205 1038 
553 4947 
1566 7088 
3698 1629 
7036 7733 
990 9302 
3961 6064 
5671 6079 

8783 2090 
6757 626 
667 2805 
7760 9333 
5942 6303 
1979 5028 
1733 7128 
2981 938 
8166 3534 

2237 6084 
623 5936 
7714 7659 
21 5056 
3313 3983 
1121 5336 
62 6256 
7426 3171 
3234 4445 

5976 994 
3779 1918 
3649 5758 
3298 5382 
9238 6280 
2673 3757 
6166 4910 
9841 6789 
7198 3907 

800 7220 
8964 465 
1203 6437 
5802 7617 
2693 9580 
788 5927 
4026 6764 
3273 4157 
5035 6923 

6267 8333 
2305 1857 
965 1330 
5614 7132 
2593 1808 
273 6143 
5715 7426 
3363 1031 
4243 918 

3820 6397 
8535 2865 
5978 5675 
5144 6356 
8792 8418 
6865 3827 
5341 3132 
8512 3998 
1341 9478 

1681 6956 
2962 4274 
5116 9587 
417 7183 
7013 133 
8215 1257 
1051 8387 
7654 5939 
1253 9984 

7966 6397 
6340 6758 
1167 9557 
6937 6508 
9041 5450 
6859 383 
1280 8540 
7339 4242 
2814 8807 

3829 9583 
5990 7195 
9716 557 
4804 7120 
8945 8810 
3059 198 
8795 7377 
2947 1487 
4136 4115 

1045 1073 
6975 86 
2875 3834 
6821 4155 
2374 512 
4749 1540 
9319 4931 
1124 5310 
8478 7192 

5867 3282 
4312 1164 
8444 3723 
7714 7239 
1101 662 
5079 1589 
1129 2476 
2662 8104 
8914 1890 

8291 5736 
2397 665 
2600 7147 
8558 1920 
8430 6034 
3582 6908 
3226 5801 
6542 7539 
6966 4986 

7614 4680 
8578 8715 
1694 9 
304 2823 
8837 9319 
928 4103 
1209 9219 
9839 3606 
6236 2440 

7105 1146 
712 1887 
7180 4294 
5147 6759 
95 1689 
4298 7061 
3028 8264 
8094 7958 
6980 9788 

7967 3636 
2612 6804 
2955 9892 
907 516 
5463 7099 
4123 8051 
5891 7580 
9198 2955 
9468 2730 

7249 4615 
9489 3696 
2657 139 
7110 2037 
8404 5204 
9995 5384 
1344 4314 
9020 3956 
1118 8328 

200 8377 
8844 5663 
1828 2967 
3715 4071 
6900 2913 
7026 2720 
1995 627 
7335 1485 
676 6344 

1624 7786 
8381 28 
9342 4728 
1764 686 
9042 7137 
4643 6512 
5465 4843 
1242 4309 
6859 3070 

3629 574 
3494 529 
9839 6872 
3249 8186 
3852 6936 
9671 4528 
9633 7648 
8666 4366 
4028 8008 

9095 5793 
8694 8137 
9282 9689 
4650 4747 
885 5892 
5408 7744 
5314 5389 
4670 5160 
5918 861 

8385 5519 
9047 2237 
8808 8719 
3117 4793 
2719 1783 
9159 6747 
9791 8254 
2540 8485 
2744 8174 

8175 3746 
2921 9060 
5990 4682 
3156 1304 
71 7826 
2817 2342 
8687 1202 
4213 4086 
3439 3021 

9157 6556 
7814 1876 
8339 3326 
8624 4482 
7932 7516 
2967 676 
5691 7494 
4422 4964 
2906 412 

9646 6062 
8069 9718 
3888 7238 
2060 8927 
8440 2625 
3014 8231 
5647 8523 
1139 9813 
400 9478 

9491 9024 
312 7424 
6540 3279 
8100 8583 
774 8875 
3548 3680 
5639 3194 
6095 3708 
9264 6335 

946 7676 
5263 5738 
302 4629 
3969 2301 
3152 5108 
8466 9904 
938 7958 
8928 1250 
5382 1821 

882 9834 
404 8008 
5061 304 
8040 701 
9851 4135 
761 9115 
471 8060 
3144 2086 
3798 9798 

3067 4120 
2099 2571 
5580 6917 
2476 6519 
4875 1404 
4121 6609 
9577 5003 
2796 6334 
9363 7857 

6638 7404 
8558 6489 
7891 5672 
1957 8362 
3732 5101 
6800 3882 
4899 9867 
8002 3350 
2439 3583 

267 4915 
6454 1495 
2671 6927 
8104 2249 
1931 900 
4935 7646 
5110 1573 
5050 20 
8063 2942 

5692 6372 
7656 9424 
1473 4457 
3307 2724 
4324 7661 
6074 3115 
7596 2693 
8030 4050 
4188 7054 

978 8645 
5655 9261 
5897 590 
6907 1007 
2163 8310 
1028 6578 
7604 6720 
2950 1612 
2497 775 

6069 5804 
3499 6746 
9817 5925 
6213 7414 
8619 4244 
7816 2807 
7650 8794 
1452 3305 
4407 3702 

3895 7667 
4709 2410 
2329 5737 
8989 9933 
8810 8291 
1545 1307 
9067 3967 
3463 8918 
7065 3280 

4844 9630 
694 3463 
3874 8511 
2622 7876 
3657 427 
1181 4417 
4129 5076 
2084 5190 
7487 4413 

928 2828 
698 6090 
1119 8595 
7397 6538 
8914 860 
5457 2331 
492 301 
1962 7539 
116 2188 

2402 9090 
65 6059 
5869 1246 
6828 9998 
2675 8912 
5189 162 
9677 2469 
9342 375 
8559 6813 

8971 2308 
3352 4237 
9520 8809 
6569 12 
5462 8531 
7551 1930 
719 6305 
7372 784 
8717 3242 

2031 5545 
9592 1058 
810 1133 
7572 487 
3602 6914 
7215 8513 
3727 2538 
821 7079 
6775 6693 

2240 3344 
6706 4054 
1875 609 
2336 2595 
6915 9709 
3379 1984 
9303 1762 
7529 8895 
2820 8339 

29 392 
8827 9983 
3658 2394 
8497 3738 
4932 5670 
7169 1707 
2364 9410 
5052 5422 
9816 6927 

2383 8505 
5874 5650 
8214 5606 
7634 3869 
7368 5164 
2764 6541 
9855 9145 
3285 5034 
9129 3296 

7428 3978 
7034 2360 
9648 4203 
420 8364 
9965 5472 
138 9782 
8751 8874 
8287 4626 
4524 2853 

232 8511 
3074 3952 
27 5838 
493 9882 
1336 131 
1269 465 
3427 8697 
4443 461 
7410 443 

4664 7830 
5160 4630 
9654 5298 
764 8405 
4172 5403 
9383 5049 
4608 9615 
3560 7682 
9920 9939 

9872 6765 
9821 1208 
6896 7442 
1673 6675 
6140 2468 
7136 9902 
2912 8153 
4084 8072 
9135 3738 

9722 9899 
8495 247 
1654 7879 
5296 6262 
3846 5208 
296 3766 
5147 168 
532 1320 
1377 7428 

8763 9402 
456 1255 
1871 7592 
1157 1135 
2097 1593 
9207 1232 
5331 5281 
7483 3826 
5528 5489 

8057 7176 
1751 1904 
2384 8399 
2022 3883 
8568 2554 
1556 6297 
6335 6671 
5699 6791 
7926 3922 

735 5435 
5057 2833 
7028 4264 
417 8711 
5898 7901 
8889 1426 
3390 6947 
8603 1494 
5203 7339 

9893 7225 
1223 4813 
6132 9131 
1110 2467 
5802 3162 
9258 3728 
7084 6345 
5515 2142 
9178 8895 

2758 5948 
7606 8656 
3849 2847 
83 3591 
6146 5038 
1437 1349 
2377 7683 
4927 9952 
8848 1059 

9083 9959 
9878 1237 
9473 9136 
1317 6557 
1833 6832 
8699 7364 
5727 7810 
3312 9685 
6466 3513 

2533 2901 
7104 5031 
4291 4894 
6381 6669 
2577 7660 
2973 7777 
5071 8409 
7736 4949 
9646 7209 

437 964 
119 2270 
4148 5170 
9634 9876 
2980 2946 
5913 5799 
6459 4798 
8700 9916 
9830 2992 

4810 2563 
6013 3739 
223 8986 
1516 5294 
3747 5605 
243 3394 
9166 680 
710 9285 
9302 4858 

4456 8937 
1086 3788 
1883 7000 
9587 4695 
8150 8288 
4611 7980 
7632 5773 
543 3645 
5864 7118 

8983 7380 
8764 9083 
9337 9007 
2477 8504 
6039 9539 
4141 5342 
749 4949 
631 1836 
8738 2514 

5188 4677 
3561 3338 
2965 8172 
7671 6949 
297 8214 
6946 6161 
1685 2282 
9894 449 
1365 9231 

5809 194 
4087 1848 
9733 8229 
3542 482 
9530 4173 
8670 8268 
3040 3858 
2946 6601 
3549 2263 

1126 1220 
5565 1423 
5786 2511 
3937 3823 
4793 3831 
4273 2510 
9414 82 
2704 3502 
8282 2437 

8083 1825 
9272 7613 
2350 7942 
2234 5390 
8153 1532 
8344 1702 
147 5822 
9274 5712 
3597 1412 

4576 7534 
5236 5721 
7717 9509 
8232 7132 
5943 936 
6986 577 
9726 5069 
8754 8998 
9034 1105 

6940 7620 
2847 5093 
9152 7543 
3147 5652 
3365 2421 
7716 6963 
186 2292 
849 5422 
4366 8567 

1283 2598 
2051 3578 
9886 9037 
4155 9612 
458 2910 
8610 9492 
367 1903 
7113 3214 
3348 2617 

758 6496 
8269 475 
5269 5986 
7438 1807 
4630 8288 
7229 8996 
3207 8512 
7946 5258 
2090 7833 

4295 2598 
7445 1105 
5508 2408 
597 5875 
4311 4062 
5441 4011 
3032 2551 
6859 1301 
3027 8481 

3639 6817 
288 4622 
5105 7518 
3618 4664 
2382 7917 
9922 825 
5750 569 
9775 9547 
1674 1635 

1955 8624 
3862 2618 
2686 9303 
2982 5718 
8207 9841 
3372 1234 
4674 3363 
8051 4963 
7985 9509 

8833 7956 
4173 7567 
2225 448 
4744 7975 
1017 4519 
3874 2692 
6154 2182 
1316 16 
1152 354 

5672 4134 
2425 3879 
328 5797 
1465 5002 
5512 5868 
9965 3498 
1729 5150 
7806 5903 
9070 31 

2703 3814 
4358 3720 
8334 8232 
2764 840 
414 432 
7209 1567 
787 2881 
2053 3212 
6760 2381 

5361 4577 
7384 873 
445 3701 
723 2175 
5204 4881 
4430 4274 
1264 7133 
8088 5622 
7205 2774 

207 9970 
9967 621 
402 7176 
8540 7541 
57 6946 
753 3169 
9327 2466 
7746 3063 
9692 4543 

3117 415 
6718 8321 
1649 7500 
8947 2913 
4633 3387 
4888 8191 
6162 5095 
8161 2481 
2068 4915 

9657 6961 
2457 6066 
3907 9562 
5587 3234 
2029 9685 
2650 8073 
4228 5767 
4840 7299 
440 6489 

1151 9387 
5755 5785 
9126 643 
328 1640 
5738 8489 
4121 4158 
9756 130 
1119 2213 
6196 5026 

1776 8135 
4613 157 
7820 7263 
8230 8401 
9382 3070 
5700 9822 
5912 6851 
5561 1667 
8988 4687 

2310 5668 
6328 4400 
4157 6801 
8558 3914 
6932 9678 
2479 9480 
1056 607 
7616 5669 
7116 5436 

2932 1698 
3837 2314 
1121 5889 
8488 7033 
9093 401 
5052 4433 
1441 7362 
102 7769 
8114 611 

922 3024 
877 7854 
9054 3357 
3687 111 
3964 1303 
5780 7433 
3091 5065 
9131 3281 
3731 252 

5522 8572 
7285 4615 
8973 2337 
5401 414 
6051 1855 
4535 517 
8818 5458 
3542 9696 
9664 2596 

9405 3351 
9059 9721 
4654 1192 
7154 4098 
6257 6286 
7379 6340 
6538 2901 
4912 176 
3869 3886 

8865 9270 
652 1269 
7477 5188 
1786 6295 
6998 1680 
5991 6662 
4277 5396 
6366 9688 
1470 1020 

880 8624 
5118 3489 
1262 8849 
9830 4153 
1751 1094 
4329 5620 
1332 9546 
4890 1985 
7167 8719 

3525 8954 
5014 523 
6986 7358 
3537 1263 
9106 9903 
7304 576 
924 8184 
5553 2394 
1674 6815 

1244 7856 
968 9347 
8950 5297 
4967 6635 
1196 6209 
8620 8363 
4928 8497 
3669 9942 
9020 656 

3652 2557 
8271 2759 
2461 5575 
9687 9737 
3760 5240 
8483 1786 
2056 6079 
9642 3024 
5426 4944 

4674 393 
1579 5870 
2954 6551 
585 7882 
5048 4255 
4177 420 
4911 7829 
9330 9534 
6940 8143 

5110 6628 
4232 5222 
8220 2715 
7008 276 
5147 3002 
9653 6925 
4298 4327 
7319 2230 
6549 6625 

5133 7134 
4508 6534 
7741 8685 
3306 9004 
2866 2636 
8539 6159 
779 3649 
9139 5011 
5223 7359 

4079 8583 
3988 5578 
1585 3641 
2503 2235 
4320 6174 
817 869 
2800 5951 
4355 7308 
2485 2097 

2345 5791 
1101 1563 
4780 9640 
7722 1911 
9641 3213 
6923 4864 
573 7354 
3447 913 
2932 1384 

4554 5435 
9972 8874 
1610 789 
9743 4410 
3092 450 
8070 1929 
2547 6767 
4073 1 
8330 8853 

5993 2405 
764 5635 
5618 4039 
6851 2543 
7745 6651 
3456 677 
4387 4362 
2465 711 
3236 427 

1501 9331 
1189 945 
9782 9259 
2875 8681 
6026 6948 
8682 708 
2153 1028 
3113 2917 
3015 5084 

3309 9866 
3979 1054 
2869 7436 
8084 3609 
1798 549 
4320 1387 
976 2173 
7070 2165 
3119 6852 

7776 2346 
1886 154 
9294 6920 
862 7799 
7948 328 
716 963 
1764 377 
7182 5743 
1432 51 

3179 5868 
12 1330 
6417 4333 
9069 3745 
2858 6139 
2262 2329 
9344 38 
4675 1230 
192 321 

4502 7406 
8120 2451 
7734 5189 
3414 9498 
5566 596 
1594 3350 
7000 4773 
9218 3364 
2455 1987 

7697 1524 
5732 6908 
7664 7994 
9237 3360 
4384 3913 
4590 4576 
586 9092 
1983 8707 
7895 6069 

3896 7662 
1920 5814 
8258 3514 
5517 1610 
4639 1087 
4975 7095 
3075 9024 
4971 5159 
2284 8987 

9506 1522 
2347 3890 
1787 3289 
4819 2373 
8734 3154 
7432 6629 
9223 7680 
4291 1143 
9847 8902 

1009 5364 
6864 5649 
2803 8191 
9096 5878 
7216 4067 
7390 9500 
3055 3248 
7374 1754 
3490 9161 

5044 8309 
7887 3778 
1463 5319 
6759 7039 
9352 7403 
4534 9199 
6305 5544 
4563 9521 
1193 7366 

7713 289 
9597 1281 
708 3339 
7133 115 
6587 4508 
1870 77 
21 3266 
4739 4260 
3396 6202 

9580 155 
9593 5284 
7558 4128 
4483 215 
9672 9046 
9737 7217 
2764 3802 
3858 8713 
5083 918 

2052 2216 
1034 4991 
3076 2904 
1421 3098 
2522 6160 
7358 5918 
8714 3290 
6073 8308 
8574 9984 

2436 9409 
6551 8460 
8455 2640 
5677 7572 
6442 5887 
6285 1525 
6805 4690 
94 7839 
6033 3170 

7095 7454 
6268 5969 
3614 9979 
1887 2329 
9621 4313 
637 4548 
4297 9425 
3957 7200 
7885 8765 

9841 9914 
2689 6283 
2153 5326 
7809 8958 
16 4255 
3150 6050 
7425 6597 
9856 46 
2567 3471 

6377 806 
2152 5998 
5119 9141 
546 5768 
4918 856 
2969 2803 
9621 2810 
9069 2310 
5445 1222 

7636 9606 
6532 4005 
3861 6034 
6407 1287 
8984 6263 
1333 1551 
6086 7710 
8709 4590 
60 3829 

83 6959 
9597 5001 
7815 8918 
4156 3788 
8080 3225 
2450 3526 
799 6438 
3132 7332 
6795 3346 

9718 3202 
4633 8702 
5818 2318 
6605 8256 
6380 5315 
9199 2792 
5496 9282 
9751 5093 
4284 3918 

364 8440 
7706 8444 
8018 6508 
8322 8817 
2947 7807 
2501 6094 
1153 2220 
5649 2138 
7274 1467 

808 3880 
6075 7188 
5547 1626 
9980 1043 
909 6084 
2488 1545 
2 2852 
6337 4061 
7649 707 

6921 2323 
9525 6220 
130 8378 
2315 7635 
6950 7964 
9773 4225 
5783 6933 
4457 8210 
4121 4 

9837 454 
7399 7098 
2890 9887 
4995 9244 
9092 1332 
3305 6741 
2040 227 
5416 7917 
2799 5547 

6295 5114 
3182 3246 
3078 9308 
3823 5213 
6241 8280 
3424 6715 
4636 3261 
3521 2035 
359 6411 

1922 5354 
5655 7366 
3038 5313 
459 1430 
1892 5876 
9347 4691 
1423 1995 
6158 957 
1593 5588 

6617 5416 
802 2859 
48 4226 
5926 4684 
7487 9447 
6719 4198 
2210 4993 
5904 4217 
2360 5294 

5882 2819 
6725 4126 
5047 2424 
5170 6470 
771 1328 
3780 2364 
6916 397 
4132 7718 
9608 4180 

1944 5534 
5216 5783 
1333 1935 
6333 9895 
3281 8589 
4113 1993 
3884 6347 
1164 6961 
474 6212 

5737 5644 
9034 6509 
6972 2814 
5225 240 
9564 9358 
7959 9172 
9890 6255 
4707 5107 
8391 2392 

3394 4724 
2288 3027 
3314 6401 
5020 3550 
2748 6185 
511 9574 
2397 6248 
5218 1431 
9109 8542 

598 4335 
8783 162 
3693 3094 
9334 9935 
9349 393 
5042 7740 
2786 4789 
8817 5074 
7816 2131 

7827 2837 
2033 6927 
5374 2544 
6502 7771 
5144 8072 
5554 4254 
6615 2504 
4941 1750 
2666 4986 

4844 8353 
4921 545 
5098 6316 
4638 7884 
1105 3455 
9310 8921 
1938 7137 
8110 3971 
417 3484 

2867 6919 
7607 4363 
1343 9514 
4969 7958 
2018 9910 
6060 1037 
4896 904 
5742 6170 
7802 840 

2486 2440 
5077 3591 
2247 4387 
8864 537 
7877 3327 
860 8294 
3163 3727 
1565 771 
4442 2908 

6637 9412 
7219 8655 
5674 3279 
6044 571 
536 1786 
6741 8338 
2627 5579 
7130 7704 
5522 5729 

8443 4386 
6266 6320 
4065 7126 
966 7229 
7205 8883 
4352 1647 
8144 989 
7411 5363 
5996 3086 

4994 2041 
9 5530 
179 3102 
220 9158 
8681 7350 
6862 4203 
3079 1658 
4941 5697 
4330 9007 

2823 1649 
2588 28 
532 6940 
1676 8676 
7929 5439 
391 3925 
8525 5386 
2318 8534 
7268 2498 

1636 7489 
1656 6669 
1191 4871 
872 4271 
6529 2166 
9968 7211 
1173 9144 
8860 3761 
9172 9393 

7053 7200 
4421 4982 
2640 4813 
5259 1165 
199 3930 
6052 3819 
6428 4040 
1308 4436 
7062 2500 

5659 7934 
3123 2188 
100 9443 
5752 7625 
8587 4612 
7738 4112 
357 4791 
1312 4779 
6125 304 

9592 7737 
7822 6143 
1667 226 
9962 4447 
4266 7623 
8883 1328 
123 4543 
5615 9598 
3083 2067 

5393 8835 
9693 3981 
9800 3783 
4445 157 
8575 2109 
4936 1052 
2414 880 
8789 236 
3375 456 

462 9690 
4903 1080 
3665 139 
8761 3788 
1034 4376 
9738 4117 
2795 5131 
9305 8840 
5464 9105 

2624 9909 
5614 7551 
2019 6903 
8603 785 
7783 7393 
7373 7511 
4201 4187 
3553 5457 
1619 7218 

5596 380 
7358 6630 
1108 7096 
7099 3904 
8579 6404 
9096 4044 
1861 1720 
305 7476 
5623 8676 

731 579 
9461 8514 
4324 6834 
2377 8525 
7373 5930 
3982 8993 
3148 5930 
9373 6858 
8912 6834 

3954 6012 
7090 2534 
8768 6186 
2930 6982 
4259 3235 
810 9882 
1912 1541 
6813 7725 
6407 1137 

4560 8785 
9663 1933 
1067 9997 
7278 4216 
2280 6652 
1074 1192 
3486 1381 
3556 576 
267 8677 

3114 9549 
5659 7373 
2784 6469 
3608 1048 
8010 421 
8774 769 
1559 9686 
9554 7574 
7971 622 

3923 5250 
1190 6203 
8254 8616 
3748 8092 
9997 3656 
5020 6616 
2333 8134 
6165 7992 
5508 5302 

4461 5468 
2702 8823 
5889 7828 
5945 3800 
7514 5499 
1374 1838 
2473 5298 
3440 3663 
7853 1694 

2280 7953 
6138 8629 
1610 1158 
1598 3943 
9292 4115 
1936 1152 
9417 2749 
6620 8472 
7925 8862 

6300 3870 
2662 3815 
5721 4037 
2005 8195 
5687 5445 
1858 9892 
3491 490 
7846 9629 
5472 9456 

787 7070 
3399 6431 
7537 1687 
7584 6955 
789 556 
5427 8714 
9418 8079 
8936 8433 
8246 4657 

8822 251 
2852 4509 
2048 1063 
4401 5539 
7905 8599 
5168 9729 
8055 2307 
6799 7807 
8739 4337 

5846 2675 
7644 6635 
9583 9423 
1701 5354 
7502 6989 
3787 5749 
1647 2609 
2352 851 
7118 4401 

8266 7871 
9940 2524 
6471 1461 
2253 878 
3768 5405 
5037 8859 
6094 7236 
1534 3738 
223 1118 

9513 1925 
6472 3367 
8914 259 
5468 6913 
9220 7821 
4117 2690 
2222 2383 
561 8514 
4907 3384 

9975 3513 
615 96 
8918 2004 
8955 5012 
9240 490 
5102 9464 
7960 4615 
7741 784 
4334 3007 

7395 9803 
6273 6615 
7624 390 
9305 6198 
9125 6218 
4712 385 
5955 1040 
3898 6570 
1136 2816 

4926 91 
4180 4167 
6933 9282 
9983 1245 
249 7724 
2029 4583 
7083 9424 
738 3356 
6039 8362 

3746 1696 
4560 9224 
7915 5625 
9609 3870 
6665 3507 
6792 7801 
2675 1718 
4244 6855 
2237 7530 

2489 2220 
8775 9090 
6296 7157 
25 9732 
6581 764 
3088 8973 
5478 3187 
7021 6391 
2411 1288 

2016 2020 
1510 8681 
1879 8302 
2834 4554 
6373 3430 
7761 8610 
960 250 
7183 6088 
5692 9831 

9597 5717 
9563 6178 
6481 2652 
1503 8312 
2191 8525 
4703 4602 
6165 6719 
6622 7676 
1752 4853 

5978 938 
9407 8703 
4368 3520 
7314 1681 
122 849 
4121 5814 
680 3718 
1531 244 
6248 4365 

9248 4104 
2677 7791 
8981 3732 
2393 5146 
6803 5367 
2822 8555 
220 5153 
5845 5979 
3856 213 

9499 7522 
8246 9621 
8371 8719 
1787 9052 
8789 9670 
5648 5038 
4035 1248 
5494 3064 
9039 4475 

3148 7784 
9621 9951 
3151 8796 
8506 9723 
3949 4351 
5702 7805 
917 1553 
5328 5515 
7526 3699 

587 9313 
9103 9376 
8983 1103 
766 9371 
8703 6260 
2435 4094 
735 1936 
1878 6709 
1887 1381 

5505 394 
1104 5806 
1097 3158 
9963 8366 
4711 5291 
3882 8589 
5343 4469 
7902 798 
197 3238 

8254 964 
2609 6957 
7224 1396 
1052 4312 
3332 2930 
7373 5220 
664 9230 
1966 1768 
5036 9415 

1279 4999 
7782 5990 
6643 8016 
932 1986 
8837 8834 
9136 9034 
2072 7390 
9998 1033 
4348 3575 

2430 1752 
4239 2114 
1034 1612 
7334 1698 
842 9300 
9819 2230 
8716 1098 
7229 2850 
3440 224 

866 4372 
8562 6055 
3207 7699 
5089 1631 
1441 1440 
9017 2141 
1367 1447 
3893 5606 
3561 4928 

7218 7248 
2978 4412 
2900 2797 
6642 7968 
3895 223 
818 7336 
448 8036 
1708 9010 
4091 1267 

3061 5533 
9251 4503 
3325 8268 
6644 4692 
6067 6890 
298 5980 
8170 3868 
3228 1148 
8280 2481 

298 4922 
449 4193 
5145 1268 
7881 1945 
5656 5942 
7308 9748 
3561 369 
1633 9164 
1224 4958 

3784 7869 
9650 9851 
1111 6300 
2184 9281 
168 1764 
429 4800 
4245 727 
9722 4695 
1273 1219 

2315 9154 
9517 7971 
1448 6825 
4071 5010 
3546 2056 
4174 4771 
7014 7959 
8992 3016 
4162 103 

9316 6346 
9384 5836 
8111 6165 
636 2356 
3245 6710 
3403 4518 
4282 5718 
24 3799 
42 1473 

624 4113 
2835 522 
6170 7009 
5293 9536 
1320 4285 
2553 5483 
4388 8221 
8181 3772 
410 6292 

6290 7398 
5001 9535 
4109 8404 
4053 4743 
475 429 
8542 517 
1902 5518 
982 1089 
6040 3504 

8099 1334 
9393 5771 
1971 1946 
7606 6360 
6519 5788 
6484 3281 
8432 2774 
680 3433 
2309 1141 

8190 2714 
5884 5017 
3144 4426 
1886 1398 
6296 2868 
8840 2336 
2725 6939 
22 2118 
9062 1994 

416 6669 
4706 3287 
2457 7542 
6569 889 
317 7249 
675 8978 
4742 5217 
8045 626 
6586 7541 

1404 8472 
5291 7700 
7692 4131 
6388 6769 
7422 6411 
8887 6485 
4757 5655 
9506 5815 
8943 1963 

3357 1864 
9204 26 
5465 6231 
9005 207 
7800 3402 
833 738 
7295 2237 
9210 2586 
6289 3255 

6718 2677 
24 492 
5440 5264 
6977 197 
919 2835 
2364 6214 
4798 5722 
8078 355 
5748 3543 

2938 1105 
102 739 
4507 935 
1477 1802 
9524 7040 
741 5813 
6647 3811 
8491 6671 
4303 3931 

1935 7633 
481 9207 
468 2845 
1773 1619 
4919 9852 
1974 668 
9747 4912 
1773 9850 
2003 2633 

7137 9833 
787 6662 
3225 1528 
8827 9872 
5339 7318 
6543 9643 
7602 4831 
7276 4435 
390 4096 

3632 2163 
5715 8552 
8367 4041 
5572 8115 
5306 7345 
4317 7309 
6330 1454 
3494 7118 
4468 6719 

8646 3296 
6591 338 
6966 9487 
9981 920 
670 3609 
5355 1060 
4057 5340 
9575 9773 
3892 7943 

3814 9464 
6058 5472 
3161 375 
2782 5844 
8181 2628 
2962 2650 
9348 7960 
5946 2291 
8298 9264 

8130 4631 
185 8800 
4592 5540 
9860 8650 
880 5788 
4775 1124 
3731 8589 
6940 9789 
414 6454 

6516 9548 
2298 4697 
2176 1612 
3699 7876 
9572 5997 
6520 4223 
5262 4650 
8854 5447 
3451 3447 

7339 9663 
8449 4572 
5451 3224 
2048 9182 
8165 5341 
5323 8579 
1795 8191 
8127 445 
9241 304 

2057 2940 
4532 7981 
5290 1052 
2204 552 
5703 1059 
2351 9154 
858 6042 
5169 5659 
6966 6973 

8883 9015 
6155 7048 
4356 7831 
5628 2503 
6022 107 
2948 5263 
411 5005 
4556 4944 
2986 9846 

5996 5191 
6750 8051 
2602 5453 
3557 9812 
1495 8727 
5471 8462 
5700 4354 
3829 8207 
7754 8185 

6038 9734 
688 2061 
9842 9988 
3676 6605 
4993 8232 
1549 4331 
8078 3898 
9522 1180 
1949 8476 

6633 1859 
4640 8129 
586 111 
2943 2638 
817 6772 
845 4924 
1309 6884 
4658 8349 
5297 4500 

8337 8973 
1106 9682 
3558 9007 
4013 7988 
9257 9888 
9169 7559 
8364 5802 
9418 9357 
283 4 

5820 9578 
2642 6638 
2702 3487 
1562 4011 
6723 6220 
8712 8372 
7073 7049 
7346 8179 
6731 7256 

3538 7097 
5244 2796 
6985 4413 
355 1701 
6568 9773 
1058 3203 
6129 6879 
9134 5123 
9869 1836 

4962 1431 
5848 1686 
4003 912 
6410 1076 
7962 3756 
5607 1045 
1012 5498 
8142 2609 
8294 5127 

3374 5001 
6829 6294 
1126 4239 
9498 7255 
1118 4984 
8730 987 
6820 3692 
8770 9020 
1730 9126 

9933 8141 
6554 7895 
8249 2162 
5292 5614 
7660 3435 
8223 2306 
4914 7949 
7307 8095 
4244 8433 

2335 94 
2040 9805 
5078 770 
7145 1898 
4462 5915 
919 2545 
5041 852 
686 7948 
5099 5287 

6462 391 
901 474 
178 5476 
2780 1445 
3426 6439 
9540 7670 
4872 1875 
4116 3264 
8033 9194 

4034 5178 
7444 4848 
1093 4715 
3745 2487 
5567 4431 
6787 7018 
6071 3249 
3762 6972 
3723 292 

8801 6503 
1737 2227 
9294 1278 
6249 4166 
9505 6717 
3782 7538 
5911 7816 
2716 9707 
9016 162 

4423 2762 
9001 6342 
3545 5788 
9713 9616 
9037 3475 
2941 2760 
119 1742 
5615 1857 
321 4909 

9487 2922 
5427 8992 
9639 9209 
2883 1902 
3377 1951 
7961 2393 
2113 2384 
1507 7466 
5079 5053 

3254 4792 
1021 8643 
8267 3962 
7755 4738 
2056 9722 
6595 8729 
983 6082 
1651 6410 
1427 7642 

1971 4310 
5896 1700 
6261 3858 
446 4727 
2594 1953 
2193 7673 
7006 1800 
2465 8028 
443 7084 

8342 8199 
1823 399 
7921 4770 
5480 5257 
853 7132 
1667 2280 
1126 9991 
2942 3375 
1691 9203 

3585 2137 
3930 6179 
443 6124 
205 3801 
7924 2670 
8181 4719 
6107 6524 
9270 4282 
3275 3544 

9052 8755 
8801 9905 
2239 6820 
8537 3366 
6811 1479 
3093 4855 
7035 6678 
3344 7317 
9209 3787 

9793 9414 
3941 4069 
8437 2122 
8789 4544 
8646 8059 
8826 1921 
1603 4230 
7029 404 
488 9268 

3577 9025 
8986 388 
6857 2079 
1595 244 
5109 4940 
7561 4319 
5079 7355 
3733 9020 
7776 2170 

1143 6565 
3066 6141 
977 8244 
4415 2580 
2475 1444 
9337 2963 
7064 9266 
8340 6051 
9654 1549 

8130 7602 
1793 9592 
8894 5707 
3911 3973 
9414 7644 
9346 7190 
6167 6841 
3756 9233 
2982 4733 

7478 3749 
3665 6305 
5193 9354 
9268 2258 
8620 7608 
4661 4627 
9158 9143 
2229 7303 
8735 7475 

9362 2646 
7800 8776 
6643 7146 
5967 2810 
339 6075 
8395 9674 
7160 2225 
3423 7177 
8530 4969 

6532 7798 
3579 1504 
1759 8240 
2483 7269 
3735 1064 
924 2471 
8539 287 
5117 6340 
9063 8112 

9838 1382 
922 178 
7457 5670 
6204 969 
7895 9627 
8147 6426 
948 1031 
576 879 
2535 8687 

5471 1371 
5956 9207 
2435 6881 
1678 975 
3520 3147 
3667 2583 
7612 3505 
318 8534 
35 4127 

556 6239 
5097 8452 
2219 3244 
1230 3167 
627 8158 
399 3162 
6846 5870 
885 2802 
5077 3321 

6035 3107 
648 9555 
2607 4315 
8491 219 
7820 8809 
5105 7856 
2936 5662 
447 4385 
466 2666 

7629 8048 
2186 8256 
6206 2585 
7771 3052 
8455 8656 
2207 9885 
8329 4594 
2992 8977 
4150 1951 

3292 8993 
2170 7465 
4154 7276 
5321 7090 
2938 5768 
7828 9756 
4787 5457 
7804 6973 
66 4010 

9558 4189 
3415 4365 
9197 5622 
602 7527 
216 9947 
6504 718 
1898 6149 
6063 4069 
3614 217 

7697 5287 
3660 6987 
7407 1488 
6743 2194 
3297 4547 
5519 3363 
4909 1429 
7552 8324 
5795 6750 

298 2749 
629 6867 
2696 3485 
3937 4595 
9634 1 
5016 3248 
218 2713 
4887 230 
6052 2295 

1718 2795 
841 5016 
3694 6361 
4731 4955 
7790 8636 
3280 9937 
1738 9930 
2687 2367 
6797 1735 

5852 735 
2682 5487 
736 4050 
5087 7306 
6763 6327 
7537 9167 
8622 9255 
1962 5815 
623 2008 

2176 5355 
6964 6319 
3991 6596 
6256 5729 
6526 5295 
4448 3324 
7031 300 
411 9713 
2139 7499 

3764 3579 
4805 6879 
9906 8694 
2399 4880 
7950 4361 
695 4925 
2722 9224 
6632 9686 
5543 623 

6282 1799 
2704 9160 
3447 3504 
2484 478 
3805 9247 
6543 2296 
6746 6659 
2227 7904 
9891 2133 

6598 2290 
3365 900 
3003 4061 
5826 5725 
9637 2458 
1763 5180 
9434 8045 
3331 8490 
7206 6778 

1995 6042 
3608 2152 
1642 152 
800 8388 
3163 3028 
2644 3054 
1513 9243 
1696 4879 
6495 4700 

5292 2321 
6777 4929 
1132 8541 
6461 6918 
2938 9792 
1760 6496 
6571 3755 
8891 179 
2259 533 

6683 9412 
5273 9847 
2440 7918 
9253 3953 
3513 950 
5184 8 
2002 6828 
8682 8779 
1757 9814 

7320 4570 
3084 6611 
4363 4844 
3107 7286 
4952 1998 
7465 3563 
8883 4149 
2975 4157 
348 5415 

8427 9601 
5721 1940 
6903 7257 
1948 8905 
4086 6982 
4037 2195 
3148 7709 
6766 6232 
4320 7481 

7429 7428 
4767 2381 
5778 2232 
5944 4662 
2733 5272 
5171 9433 
687 3598 
9035 2760 
1890 2290 

6370 190 
1196 456 
7173 1585 
9003 321 
9294 5769 
6554 3615 
3250 335 
7395 8017 
2716 3173 

6602 5012 
7835 5687 
6636 9358 
5121 3676 
2956 508 
6436 4846 
2798 2806 
5037 346 
9614 8562 

1931 8618 
8883 1226 
739 1789 
4841 342 
2124 2236 
4711 1192 
1761 1313 
2557 5949 
3353 9193 

5307 8474 
2869 8264 
8982 5658 
9462 8132 
8464 851 
8479 4431 
9413 410 
3049 4649 
7988 3788 

6438 9181 
4130 4915 
7769 5194 
6107 9531 
6507 5016 
5480 9860 
4210 787 
4686 7079 
5403 3668 

2737 1218 
8153 7554 
2069 6632 
1985 7835 
3394 1386 
2484 7735 
1526 5274 
6916 5657 
6541 4686 

7203 2649 
569 3710 
7665 6049 
9923 8227 
3188 4609 
1659 8592 
4630 4396 
6162 2783 
8302 8231 

5767 6639 
2418 9161 
8025 4902 
6896 9552 
6529 165 
1561 3070 
1203 8764 
2071 1772 
8826 6089 

7821 8749 
4316 7361 
9711 5975 
2305 693 
6724 8467 
9828 1378 
3051 5595 
8018 5469 
1108 6043 

6724 4357 
1947 3253 
4522 3508 
6323 5725 
2272 4747 
7497 7451 
836 1670 
6200 1504 
9031 2263 

3832 1337 
2956 6908 
6156 2784 
8286 9207 
4731 6304 
4677 5840 
8700 1401 
197 647 
4654 1071 

508 7329 
3148 9132 
8428 645 
6583 9264 
8667 9136 
7121 4050 
1399 953 
5387 708 
7861 1544 

9844 6147 
7103 4576 
8804 1780 
6768 7504 
3181 3317 
4503 4187 
4388 5011 
7869 7536 
4144 6297 

4533 727 
5562 9552 
9863 9035 
3602 7615 
9988 5342 
4675 7849 
3238 4519 
348 341 
5447 9152 

2122 2215 
3008 1655 
5532 7512 
5843 6272 
8875 3712 
3808 3019 
6361 4693 
99 8275 
4245 9962 

7310 7848 
3929 7298 
3190 8604 
1499 2780 
9476 1848 
3121 4923 
7352 5243 
3491 361 
3251 9023 

4225 9094 
1648 3100 
9158 1808 
2472 5519 
6502 2571 
147 7099 
8885 7457 
1299 2815 
1108 841 

7771 2607 
3621 7247 
807 6743 
8523 8160 
8338 2014 
4873 1589 
7389 9098 
7035 9037 
8550 6193 

846 1022 
8065 3700 
3593 8212 
799 2479 
2021 2099 
1646 3129 
2940 5769 
5737 6562 
3017 6544 

9657 7892 
1056 7995 
9906 5929 
5937 3647 
1379 2972 
9037 9930 
5518 9883 
952 9935 
9935 898 

4499 734 
9729 6520 
9185 7727 
9650 8478 
3496 1739 
1392 6513 
4635 1049 
757 2044 
5396 663 

7973 1333 
663 5705 
658 9700 
5635 6176 
9583 2939 
6111 5870 
3837 6962 
2956 9918 
3482 2142 

7645 9484 
6972 1142 
7575 8364 
4007 2211 
5765 4765 
4255 7513 
1780 8580 
8847 2443 
4285 5857 

2143 6272 
8385 8078 
9212 848 
3948 9401 
7810 6905 
9320 1292 
5399 3317 
777 2371 
4459 4704 

735 8467 
6915 2852 
9584 7522 
365 1364 
2455 5564 
3808 3092 
1421 2303 
9365 9806 
382 4929 

654 682 
682 8464 
7587 6354 
6109 2986 
9672 3238 
1709 4131 
7942 2444 
8950 1210 
5296 4886 

5084 2014 
6251 7539 
7578 6411 
6984 9000 
8714 6349 
5158 5448 
7630 5813 
6131 8312 
629 70 

4667 6738 
9409 4339 
6328 1118 
4822 4271 
9915 125 
5481 1563 
5011 565 
3577 1262 
4457 1156 

4025 1441 
6508 9092 
7790 1666 
4540 1772 
3831 7023 
84 813 
7094 1103 
3903 2855 
5442 232 

3973 6617 
4503 240 
6742 6336 
1804 8105 
6901 5381 
9368 7710 
2889 9745 
9151 9397 
8837 3293 

7416 9730 
5065 1247 
6753 1502 
8412 199 
2605 2316 
3054 4400 
2548 3380 
1017 3403 
3620 4111 

9739 5424 
2216 2992 
7158 7936 
703 47 
7682 9854 
5797 2871 
3148 3213 
2601 4565 
812 9355 

6067 9225 
5906 8673 
7893 8961 
3073 441 
2341 442 
196 2313 
4553 9935 
7738 6769 
2927 1248 

4706 9982 
1295 8740 
9837 3444 
1611 9337 
3009 4213 
254 3822 
9920 6322 
9399 5826 
1347 3644 

1139 4420 
4085 9832 
1214 4281 
2146 5767 
568 6236 
2536 9847 
7484 3594 
9830 5131 
2334 6019 

8576 298 
5356 1585 
4511 5610 
1759 783 
8284 7510 
6609 9631 
1154 4101 
403 1591 
3933 1617 

2224 2431 
3736 9144 
8667 2625 
8992 6151 
6219 8822 
7635 4906 
4841 6211 
5204 6549 
4148 6067 

8511 2260 
6850 3148 
6122 9811 
2779 7277 
3912 9535 
5220 4198 
7504 3797 
6629 1241 
2941 5297 

3866 1933 
7800 6437 
7107 5435 
1343 8300 
7998 2899 
1201 2147 
5318 6065 
759 2168 
9213 6881 

8332 8344 
510 8596 
4231 2083 
2794 1736 
5880 9424 
2977 5173 
1073 3195 
7107 8873 
9632 566 

661 7328 
5219 8659 
6579 6420 
7158 1898 
8837 7917 
418 4402 
4799 8750 
2747 1661 
7347 3330 

3744 141 
5066 9624 
5917 4395 
4798 6990 
3942 8257 
2216 3575 
5175 9229 
7255 394 
4240 3834 

3167 1399 
5732 8356 
5668 6151 
2759 6819 
1253 1858 
8481 8600 
5188 2225 
5094 255 
8202 7363 

1002 3000 
706 4945 
7609 9274 
4872 2784 
8503 2127 
9531 2743 
5961 9050 
494 8046 
7406 6163 

4197 165 
2982 5450 
2023 1463 
403 7212 
41 5497 
3819 8243 
9212 1173 
1243 9918 
2470 5204 

9192 7342 
4340 7695 
5821 223 
6791 8135 
9273 7285 
6181 6680 
3448 6730 
3197 6431 
8532 1573 

4246 8935 
8785 4287 
784 8956 
2530 9997 
6481 125 
9915 8952 
1681 9108 
2646 6022 
3155 4820 

6245 9946 
2955 5519 
7232 5488 
8551 7032 
2218 8100 
9815 750 
9673 4062 
6038 4810 
4701 6822 

3766 7232 
6819 6600 
3709 3087 
1904 5391 
8547 4550 
1413 1702 
5722 4010 
8001 8677 
5881 1585 

517 784 
8617 2735 
8885 8433 
9838 8558 
8847 5876 
3369 3548 
9050 3487 
7132 2222 
6439 842 

5309 8343 
2585 208 
2894 350 
1910 8616 
4360 6263 
3646 242 
7848 4163 
7378 6466 
3251 6263 

1251 3089 
4822 6450 
5317 4543 
9998 719 
4382 3483 
2941 822 
4325 4602 
9165 3262 
4810 8411 

3612 6721 
3380 7972 
9336 7026 
4566 7185 
7541 1945 
3 792 
4560 7606 
233 5734 
4056 1902 

277 406 
2622 1012 
3889 5563 
1834 4566 
166 7351 
7828 1328 
5763 1440 
4401 9143 
5765 3738 

2521 6683 
923 62 
4980 7278 
7207 9541 
4884 3792 
5275 5292 
5695 1905 
5698 4669 
9269 9588 

6584 1103 
506 3102 
4806 8335 
4431 569 
6127 8832 
6064 1892 
2570 8585 
4928 9845 
5000 9908 

3475 8559 
5801 8359 
2351 7429 
3 8046 
5686 2054 
9067 4955 
7994 5652 
2410 8500 
8754 7216 

6835 3185 
7786 2963 
2018 202 
1207 940 
5140 6135 
786 140 
6044 4261 
8699 8197 
8973 1050 

5626 8976 
5449 1312 
1030 4516 
6267 9024 
168 8677 
3877 8923 
2246 712 
8460 6384 
27 478 

6586 7587 
1419 1726 
3722 8557 
8218 6118 
2818 3269 
4316 8143 
4320 6294 
3472 6121 
7607 854 

6989 226 
6231 3510 
5256 108 
8785 7502 
7172 7245 
3886 7200 
4076 472 
4787 5495 
8551 4861 

404 6769 
7332 3222 
39 1648 
7718 711 
7942 1190 
3184 1901 
2044 6525 
2128 4627 
35 7384 

4735 8820 
4886 1908 
2418 5124 
5460 6494 
1948 6599 
8341 499 
1460 8745 
3621 8792 
8319 12 

6792 2389 
723 1087 
3579 259 
2988 1976 
6784 1468 
6603 3172 
5204 1339 
8344 90 
9599 762 

1566 5059 
3608 3515 
8010 1949 
4014 9470 
7046 3987 
4615 1718 
3999 7759 
4107 1074 
8846 4039 

1333 8187 
6015 4470 
6007 8970 
7642 1212 
6661 5986 
7654 6260 
3101 9221 
7671 6709 
2736 5681 

5011 3102 
1504 8409 
7090 6119 
6479 1089 
230 587 
2164 9077 
4626 9849 
3616 6993 
671 5975 

5963 8313 
7187 2625 
652 4842 
5237 105 
415 2909 
3166 3151 
8590 4529 
2605 94 
2939 9695 

2565 5770 
7137 2796 
6357 5653 
8225 7335 
1854 8193 
680 2526 
4168 6644 
7191 7708 
5621 7843 

2550 858 
4300 2965 
119 7467 
2468 5062 
1996 5073 
1508 1287 
1121 426 
7058 4610 
3222 9767 

263 7799 
3455 2117 
5992 4135 
4643 6512 
779 1835 
4220 2752 
6030 3122 
9963 331 
2439 6434 

4150 1259 
1496 6146 
6333 3005 
3786 3806 
3431 7196 
8416 3005 
6963 8679 
804 418 
7148 3148 

4554 1792 
6012 1685 
9979 6585 
790 2361 
9707 7105 
2692 2147 
3539 6842 
3406 5036 
9341 6091 

4393 9479 
6249 7824 
3027 1017 
7181 9990 
6048 4337 
6761 3197 
3837 7667 
1341 9849 
5704 1320 

2786 6494 
3681 2494 
9951 2726 
993 3491 
5920 751 
8527 1613 
3195 2920 
7444 9444 
7096 471 

462 629 
6814 6510 
4966 3575 
6059 5155 
7594 7400 
1356 3298 
5072 4143 
6145 5106 
6637 6096 

4184 3982 
9587 104 
4733 4466 
8070 4280 
3738 5514 
3725 834 
2338 539 
7815 9152 
3401 2781 

2727 9461 
4288 6673 
3213 5645 
6323 8286 
9788 8820 
9744 2777 
4917 3928 
6759 856 
4032 7844 

1675 8454 
2125 5413 
3969 2202 
2600 6307 
2741 415 
1811 2494 
9549 890 
8307 3837 
7563 7873 

9482 3886 
6159 5622 
2707 2255 
8399 3976 
6183 5158 
1184 6567 
3003 2859 
5022 1480 
8273 5343 

3682 7225 
8002 2775 
7640 9813 
1621 7189 
703 9929 
7379 4618 
7802 6861 
8504 313 
2484 7563 

2568 883 
7891 8751 
2394 9076 
5318 1749 
8287 6692 
3229 2912 
2035 3263 
137 37 
6038 7778 

6202 7659 
1319 6905 
3940 8698 
1523 1742 
1912 6380 
8407 4396 
295 7327 
1631 8187 
6078 377 

3615 7749 
8478 1902 
4441 8059 
4815 2829 
1322 1304 
2866 3712 
5434 9069 
1372 6754 
2326 1664 

1804 202 
9759 3716 
6582 8166 
4464 3229 
5494 2448 
1416 7924 
9177 5031 
5673 7656 
6934 6467 

5715 8101 
9296 7038 
9405 8514 
750 4840 
3935 8474 
7946 2614 
139 9750 
2816 6250 
9819 5750 

4416 635 
5331 6262 
3083 6748 
4187 8613 
1779 6212 
6269 5065 
9031 1984 
9518 4679 
5374 8924 

9546 2477 
3764 3481 
7303 8062 
2447 3794 
7812 1615 
44 3983 
3717 4461 
4619 9049 
7075 4054 

5797 1262 
2667 3928 
3827 5288 
5346 2858 
7273 4864 
7538 8999 
3788 7084 
7828 3904 
6917 5132 

1966 9365 
5278 6131 
980 5323 
114 1050 
6136 1085 
99 3211 
5140 5896 
826 4159 
6176 4653 

9448 1522 
7511 3073 
2739 5049 
2072 2879 
8485 6253 
6784 5403 
1385 5102 
1120 6663 
7585 8452 

8338 4052 
9502 4474 
5137 9601 
4038 6629 
1849 4864 
789 8026 
9517 237 
5900 3380 
3310 8639 

8430 1734 
1519 3267 
7987 4655 
5022 5724 
6109 6142 
8740 3695 
4595 7078 
7747 4097 
7905 9236 

51 1943 
5866 1900 
3159 6655 
6278 2676 
6892 2179 
6056 6554 
818 838 
8288 8689 
458 2628 

3344 5480 
8352 9454 
1623 3444 
3149 2570 
6875 7248 
3019 4780 
6484 3070 
3075 2350 
1323 6234 

5357 7601 
5262 2249 
6132 7670 
5155 6951 
4861 9796 
1992 5319 
2424 5337 
799 7128 
1143 8774 

573 644 
1344 7448 
7892 716 
8580 728 
3786 1655 
3079 1461 
4241 4788 
9063 9503 
3390 5195 

3525 8545 
8498 8386 
8341 491 
3705 7117 
2180 857 
598 3323 
9631 1171 
3967 7328 
4971 8211 

8044 3551 
8939 1830 
1558 8370 
9644 2151 
3159 8707 
8006 6549 
254 1531 
1446 5105 
6270 6140 

1948 9975 
3257 4128 
832 3855 
3803 6816 
1378 4122 
4144 2701 
2333 2188 
2604 7624 
370 514 

5995 14 
2665 5506 
8721 671 
8407 5328 
8555 9853 
433 4825 
5993 2381 
4800 9251 
2861 1985 

9458 6664 
8801 7189 
786 9297 
9890 9471 
1485 2495 
7095 1855 
3009 3090 
1870 5675 
4948 6943 

2698 3355 
8623 1253 
3209 9056 
6078 9202 
7789 7231 
4805 7002 
5568 616 
3666 721 
7805 804 

18 7695 
275 1503 
6542 7371 
9710 9552 
6813 1580 
1579 1762 
4876 629 
5117 3499 
8235 4678 

8908 665 
233 3049 
7896 5038 
52 9816 
2006 70 
537 9811 
875 6907 
3859 7502 
4762 401 

1225 4473 
6305 8039 
2405 4236 
6153 3633 
4866 7622 
7133 9453 
2301 2393 
118 8886 
5442 8015 

3924 1846 
4183 5931 
1917 1073 
2094 9144 
7980 5953 
6646 9095 
2707 7872 
3568 9012 
2263 2325 

9601 4768 
5959 819 
2390 9444 
272 1043 
1837 390 
9929 3631 
4757 206 
1830 8941 
2489 3747 

6366 4583 
9243 4346 
537 5889 
3441 9596 
113 3361 
8608 8728 
2039 4561 
3496 7998 
5380 5887 

7442 2004 
3282 5631 
2395 3212 
5614 7152 
3418 7444 
2445 2259 
1191 8811 
6842 6786 
9510 3731 

9028 9303 
3327 9141 
2665 8288 
4222 4704 
2849 7718 
9054 4582 
9957 2848 
6586 3240 
8479 8981 

2804 4093 
2486 2574 
1538 1283 
4833 9081 
95 1675 
5868 9605 
5407 4896 
5260 5086 
389 4277 

3374 963 
5333 2576 
8682 4387 
7158 8639 
7235 3744 
8231 2066 
9078 1035 
6160 7916 
3609 4050 

9199 8442 
3131 9294 
6470 5351 
5251 1877 
6599 512 
6963 3341 
4789 6690 
4304 6475 
9266 2986 

862 6424 
7978 4450 
6520 6209 
6516 1950 
3597 2676 
9866 7206 
3078 9066 
2001 2562 
4712 8471 

7913 6316 
6700 865 
3180 3663 
4206 4321 
6705 8510 
796 5971 
7849 8011 
2395 2179 
2461 5268 

8388 8977 
7218 8337 
8006 3437 
5544 1084 
8855 7545 
3646 9919 
2368 7912 
6235 9068 
8777 5767 

9083 2983 
89 5789 
7845 7237 
1760 5694 
5248 508 
7873 7709 
5776 2614 
6687 9346 
951 4693 

2783 2847 
2129 7990 
6744 5776 
7910 9112 
3688 497 
8180 2465 
6265 7264 
1800 2706 
9405 9645 

9943 1165 
1692 5192 
8025 5917 
9253 153 
8531 5940 
9500 5835 
6985 8635 
8682 9115 
2978 5427 

1243 888 
891 4931 
1385 5424 
3748 7650 
9040 5548 
356 8445 
1545 6652 
9610 3237 
1844 7636 

9155 7449 
4141 4038 
9742 3641 
9873 6727 
8629 8556 
2194 1607 
335 9789 
2495 7578 
1072 232 

3002 4820 
7883 2042 
6720 4591 
487 4618 
1243 6450 
7855 9439 
438 3362 
6889 4579 
7401 6631 

4573 7274 
9710 3202 
2182 8257 
1161 8869 
8046 8 
6448 9119 
240 5802 
291 4475 
7845 3364 

5419 4684 
7982 6662 
1134 5837 
2454 1572 
5552 9343 
2504 2953 
2326 7077 
6579 2036 
6631 5114 

293 4144 
335 4692 
4152 3135 
3811 744 
8938 454 
1572 6783 
3818 6991 
1467 1800 
5 8954 

3990 2459 
6878 5894 
8154 9382 
8847 480 
6459 1778 
2517 9442 
3244 9162 
3586 3580 
3854 4090 

6715 4017 
1187 2005 
4472 9111 
8788 4642 
6102 6608 
2795 2459 
5562 3137 
4919 2440 
9031 3073 

1823 4230 
3554 4634 
2360 2423 
429 5605 
1585 367 
9185 1792 
810 2252 
2161 1997 
4258 2985 

1108 9398 
7628 3562 
6006 6775 
6021 7920 
9912 940 
6713 5295 
366 8536 
9525 272 
9522 1885 

2695 6303 
3842 632 
6671 9379 
8776 7481 
1632 938 
5830 2242 
3923 3290 
7992 7903 
6852 351 

4678 9225 
8271 942 
6518 4984 
6237 6884 
9872 2114 
3508 5747 
352 6203 
2050 4194 
3187 5073 

3574 1964 
2554 1558 
9254 4736 
152 3177 
8026 8144 
1081 1230 
8495 2111 
6808 3119 
3054 3326 

4455 5643 
6562 680 
7758 70 
6427 8110 
2625 4829 
8656 2164 
9903 2230 
4128 8809 
3788 9734 

3546 292 
2912 7924 
8437 345 
5507 3284 
2456 2315 
6403 5510 
1993 7211 
7506 8555 
7891 5264 

4977 4318 
9726 3954 
5499 8382 
6118 5402 
6965 6599 
4212 7105 
6333 4110 
7398 9245 
2034 2187 

9590 7541 
5471 8399 
6208 1875 
261 8201 
9086 7767 
3108 3329 
3031 8085 
3999 9109 
2039 9498 

3844 8158 
4901 7161 
4757 9113 
4266 7442 
9575 8016 
6688 1609 
203 2630 
5503 5675 
1029 8063 

3902 1291 
6265 9340 
9058 9373 
2669 8442 
3811 6668 
3903 2202 
6166 7747 
360 1067 
4908 1469 

6532 5527 
8912 6107 
3543 1952 
4069 3747 
4582 5924 
5774 1964 
3987 9676 
9607 6604 
9016 5017 

2330 8037 
9811 2493 
4705 3715 
4695 7223 
1462 5056 
8291 2723 
2877 1175 
8250 8141 
3635 8145 

93 4056 
8244 1028 
9980 4018 
9344 319 
46 8951 
3276 9062 
320 5606 
3451 132 
8099 8156 

3847 2794 
5380 1661 
4202 23 
736 3432 
7550 5338 
1573 1185 
3484 1667 
1593 1728 
9047 7925 

2099 8391 
8245 2145 
3694 1521 
1208 4014 
3479 4659 
498 7930 
9168 697 
7076 900 
8711 1279 

923 9447 
4711 8473 
4786 6284 
6011 4622 
4303 3956 
6350 3350 
1882 8449 
8093 127 
595 1787 

8000 8155 
2154 7831 
9166 2652 
5761 4686 
9702 2837 
5586 8413 
468 6509 
4212 5179 
1335 8998 

7816 3698 
9972 8471 
7654 6323 
1822 5888 
1124 6267 
6015 8071 
8055 367 
6226 6561 
4550 1745 

5565 311 
6431 5267 
9501 2018 
3680 9969 
4879 4245 
1501 2566 
3243 5669 
2616 9568 
4140 6623 

5891 2314 
2511 7015 
8582 4879 
5087 2989 
5246 7665 
9550 6149 
5762 1467 
6460 2194 
6735 2313 

564 6767 
8635 1795 
1012 136 
4362 608 
2157 3330 
176 6297 
9953 2419 
4964 8817 
9434 3546 

3696 873 
2887 5294 
4891 8789 
1443 653 
256 4256 
9199 6991 
6569 9763 
3759 1556 
1559 1123 

1692 2273 
1731 201 
1955 1907 
6499 8261 
4326 7815 
7078 113 
1361 774 
7338 600 
2420 8581 

9389 216 
5587 5997 
4472 4786 
2989 7393 
902 3100 
8950 2461 
4223 6994 
1086 2307 
7196 9393 

566 47 
7654 1245 
7862 1084 
7710 5575 
1858 5048 
6175 631 
9982 1916 
847 5569 
7913 5319 

6707 7254 
9064 7609 
354 8014 
6422 930 
1361 7508 
9589 8557 
3254 155 
8604 908 
1400 2818 

1993 5462 
8393 203 
6863 920 
7186 6845 
2836 8033 
8766 749 
9704 5473 
8004 8769 
3083 4710 

3135 9505 
1992 4496 
3366 1581 
9405 6620 
1737 4361 
3880 9489 
7179 5873 
4952 1924 
2429 1815 

2844 9615 
5012 5680 
4001 3778 
2782 3705 
9251 786 
8826 2334 
1848 8314 
8192 3841 
9162 1558 

5422 8568 
8178 3511 
2929 8410 
9353 6461 
636 657 
8385 3065 
8824 1230 
9032 3836 
3262 9385 

3966 6044 
9443 3217 
3182 8269 
1904 5031 
6583 6448 
8872 5746 
8006 4294 
666 2536 
4158 9947 

946 3511 
6408 1582 
4168 1146 
999 2992 
8728 6384 
3180 1990 
5769 7146 
4387 5212 
6715 7569 

9834 4971 
2600 2769 
1419 1472 
4867 9425 
2119 5533 
8313 6277 
5481 9260 
6140 8241 
7194 308 

5739 8194 
9652 4467 
4578 2832 
2810 6699 
6330 7197 
1912 3045 
4766 1746 
4369 7367 
4515 5788 

5191 9383 
1566 7310 
4916 6231 
9939 6749 
5491 6079 
1343 9038 
2739 7082 
3584 2391 
7902 8162 

1575 712 
4861 4257 
4261 3125 
3655 5379 
4871 8024 
2746 5739 
164 4290 
5122 1730 
7952 6390 

4314 7892 
9492 9805 
323 835 
5195 3063 
4269 8779 
1806 8523 
3293 3382 
5587 4507 
7639 9848 

7632 1294 
5228 8856 
5670 4326 
4595 5835 
8616 9717 
3917 2921 
2459 8231 
813 1951 
4389 1136 

9138 9584 
4199 9760 
8364 2358 
8283 8009 
5740 3871 
2516 9731 
71 149 
7378 5299 
9005 3048 

5978 3600 
5235 946 
9669 9153 
3867 8480 
3736 1032 
432 8125 
2169 5922 
4062 2720 
5682 8778 

1430 318 
6787 7170 
4189 9304 
3254 612 
5805 632 
5912 4810 
3680 8242 
4762 8916 
5540 783 

4421 9408 
9263 8157 
440 6047 
2635 8961 
1970 6697 
8034 4004 
5475 9464 
674 8614 
2987 4863 

7918 6241 
1828 3723 
6873 4092 
4885 6905 
2334 5999 
2173 7874 
6782 2946 
3634 2398 
7456 427 

8445 91 
9388 6767 
6788 3774 
7124 8615 
9591 7798 
7229 8930 
9014 5148 
5171 842 
5223 8396 

4934 6461 
1653 3620 
2460 179 
1494 5595 
9477 5129 
7993 6933 
5556 6438 
7024 1296 
9558 3812 

1423 6682 
8779 7366 
4480 6009 
6296 9846 
7509 7819 
688 9084 
2567 1974 
5545 572 
5594 8006 

7103 3441 
9953 6581 
8570 7946 
3514 478 
4384 539 
8126 3942 
703 5901 
6976 9483 
9619 7809 

1844 2267 
7655 9353 
6438 4696 
8437 5357 
6670 335 
5930 2265 
4693 9385 
5706 4646 
5966 628 

2592 5833 
7458 3328 
6372 1936 
7271 3427 
7838 599 
2910 3809 
8408 4754 
6077 6064 
459 2515 

760 5249 
4225 3782 
5584 6507 
6047 277 
5892 8105 
4923 1859 
5085 7515 
7692 2543 
843 416 

4480 4466 
3843 8670 
1418 3106 
8831 9826 
4212 4908 
2242 1024 
3776 9354 
6273 8001 
3137 1857 

4508 5536 
8486 6752 
3642 3409 
4963 8727 
7276 9007 
7623 4471 
9423 8455 
5290 9619 
3477 6708 

9077 2308 
2886 3289 
3569 5129 
665 7345 
4483 6938 
1698 7620 
5147 2558 
9509 3633 
5662 3151 

3394 626 
8230 7022 
9633 5853 
7846 5409 
4308 3136 
1380 4137 
6196 457 
6446 9082 
98 15 

563 764 
3712 5047 
7702 1762 
9019 9202 
672 8528 
2835 6334 
8031 2582 
3312 6262 
9604 2946 

8467 3802 
4707 9128 
6938 6087 
3265 9486 
2896 6063 
8569 2994 
6078 5484 
3758 6142 
531 7813 

7904 5903 
7015 4928 
783 6202 
1263 8815 
5136 4575 
1429 4741 
3873 6248 
8543 8580 
5376 1834 

1019 4994 
1320 3915 
1057 6241 
3262 3488 
1726 3372 
9630 8609 
1185 3887 
864 4552 
8815 1648 

7107 6430 
6815 2243 
7358 4596 
3336 1231 
844 1880 
6164 2573 
66 3535 
7567 7738 
7451 8624 

332 713 
8464 2058 
4085 8095 
7019 1623 
1982 7884 
2527 797 
5884 9634 
7228 9051 
1878 938 

3647 5214 
2169 843 
3446 4685 
3416 9864 
8221 7335 
7603 2024 
2312 7935 
2737 776 
6345 3174 

8871 9716 
1149 7205 
3952 3677 
4355 6188 
3311 7935 
5239 1541 
8873 5238 
6756 1042 
2434 6554 

2080 5850 
6419 301 
9538 4022 
2325 8202 
8309 1414 
8978 1006 
940 4202 
722 2090 
1407 1027 

5767 2114 
7215 5430 
49 2455 
6972 8922 
4045 80 
6317 6479 
6634 8397 
8682 3053 
8698 8220 

3427 7375 
2774 8088 
5141 1752 
5446 6081 
2306 6169 
8171 66 
7196 290 
2180 763 
5721 2230 

3218 9045 
1152 3616 
9125 7469 
95 2111 
2218 8777 
1517 7268 
3349 4944 
4643 6123 
9385 6136 

4228 4831 
2218 6534 
7352 6741 
6600 900 
7032 8781 
1664 9105 
7363 1234 
8150 8515 
4850 3627 

2337 1298 
5738 4555 
6427 7255 
1824 9777 
8552 2819 
2252 7937 
8956 2832 
9120 7526 
5719 6473 

4267 8671 
7373 1299 
3804 5389 
6756 1167 
6624 4906 
6035 1474 
4885 8372 
9124 624 
9279 5552 

4231 7455 
1681 2783 
6627 285 
7072 5583 
3118 6193 
9461 8837 
9018 3728 
3860 2743 
1380 7665 

8133 8136 
8832 1109 
9395 4867 
8935 4280 
9591 8060 
1256 8871 
3612 5488 
6326 5293 
8271 9305 

5578 1696 
1240 5048 
4241 701 
3885 3259 
4430 4098 
6002 2162 
1763 487 
298 6947 
1596 6045 

1815 532 
6678 7758 
4944 7934 
6629 8556 
9774 9308 
3849 4398 
8613 5779 
6094 6206 
828 335 

6907 1065 
9946 7689 
5163 2300 
9851 3278 
2788 6502 
226 736 
8899 2041 
7620 5577 
6151 2564 

9864 2781 
1120 9638 
8441 1321 
388 3406 
7101 6482 
9612 4281 
3169 6520 
5346 3115 
4209 6862 

5416 413 
140 4556 
6915 366 
5292 2166 
8759 2913 
7744 4911 
5477 3960 
4044 2950 
3598 2485 

4271 339 
2243 7724 
3173 1856 
8357 6343 
4728 56 
5810 5289 
6918 7578 
5702 7058 
2134 8969 

3777 3779 
1136 8888 
3044 5232 
3799 8521 
9192 4195 
7823 9142 
6680 8447 
9481 5276 
2523 2655 

7132 881 
5350 1860 
937 7512 
3501 7855 
5091 9204 
1265 3577 
4525 1394 
7356 5661 
283 400 

7245 434 
5274 6437 
4630 9449 
5580 7662 
7896 1413 
2938 420 
420 6422 
7653 5770 
4634 8590 

3283 8136 
2797 8374 
3692 414 
8303 8217 
8161 2012 
231 4796 
8764 7476 
5230 390 
266 6212 

9840 5846 
3875 4088 
3611 3165 
860 4032 
5940 8513 
9802 574 
3455 9437 
8710 2604 
4163 2402 

9371 2467 
620 7532 
4479 7203 
8680 3243 
4679 3910 
3634 4945 
6475 9826 
7143 6702 
3914 755 

9867 4775 
1139 5807 
9640 7293 
2734 3096 
6731 1444 
2052 894 
199 1423 
9713 7171 
5307 4192 

4374 3987 
3788 9053 
4250 3774 
351 725 
3600 7494 
7427 7514 
4601 3646 
8641 2092 
5806 8282 

9386 8540 
1378 6117 
6336 9782 
3363 6535 
1206 3077 
58 2865 
7269 4432 
3205 7409 
9838 3807 

1183 6541 
884 4783 
4035 4663 
8650 4989 
8309 7291 
7081 467 
1925 2819 
9007 3303 
8936 1696 

9438 2300 
8231 6996 
1729 4642 
9861 5350 
9074 9418 
2760 5264 
3225 295 
1805 461 
1431 2193 

5124 81 
7182 9786 
3724 615 
253 5650 
3435 5613 
5305 8723 
7309 4743 
7375 1892 
1739 9104 

6534 7953 
4455 1961 
3723 3567 
7225 6949 
3862 9031 
7410 5293 
1224 8887 
1726 4758 
8673 5451 

1725 8926 
7453 5160 
891 9110 
236 8200 
3854 7611 
6445 1945 
3068 2979 
6250 3875 
1292 9974 

3794 8518 
3275 7656 
7549 7037 
9302 5125 
5924 1028 
9883 4597 
2831 1608 
9876 6636 
3121 7119 

5747 3357 
5320 9601 
7320 8117 
7898 6740 
7448 4149 
6967 8741 
4123 761 
7259 7398 
8418 1160 

4435 7720 
6285 360 
5100 2520 
1309 4284 
480 7537 
920 3601 
4657 6667 
3310 6329 
2620 6983 

4446 6871 
3723 8246 
1020 691 
6987 1495 
7804 598 
5245 6222 
8110 9680 
294 747 
6392 1747 

9619 4054 
6031 100 
1591 3303 
53 2600 
6323 3364 
8929 5295 
6699 9727 
2166 6774 
7974 9538 

3817 1313 
7385 1622 
8264 2630 
7844 2726 
8663 4491 
3474 1407 
2590 3093 
5461 8621 
9545 3405 

8276 9599 
2357 4599 
9315 1287 
6247 6014 
7366 8413 
2788 1692 
4304 6606 
9358 1689 
4580 7622 

4320 8776 
348 9335 
3267 174 
742 5857 
9620 2556 
830 9165 
2313 5459 
8764 4670 
6410 8079 

2309 2657 
445 9676 
7423 3234 
7720 1727 
6192 7078 
9768 772 
1052 440 
9548 7753 
9775 9168 

7927 518 
1377 7547 
3074 2208 
3065 1739 
4019 8181 
6409 429 
6261 8719 
3087 3058 
4747 510 

6292 8819 
8589 8836 
5898 8357 
9608 3302 
8798 5509 
1055 4925 
4677 8983 
5443 6054 
2882 4869 

4614 2299 
6608 8633 
481 9370 
9063 3094 
4441 8502 
6152 9188 
5364 8797 
4359 3953 
7633 257 

8662 7242 
3560 3812 
9103 967 
8738 3780 
6302 4181 
9834 9185 
5403 4449 
7836 8363 
9434 8317 

7733 8497 
7763 2174 
3351 3916 
7714 8715 
2713 2074 
2668 6698 
8683 1331 
292 8595 
1495 9395 

9563 233 
3175 5865 
4415 9362 
1402 6170 
163 9239 
4533 9597 
3908 2267 
4447 1672 
793 7798 

1940 8508 
6514 1005 
582 5534 
7703 9265 
3217 7996 
4213 4713 
7391 3776 
4946 6919 
5993 5713 

6281 7396 
1883 6444 
2987 6417 
2393 6895 
5036 6840 
4919 5829 
4639 6859 
4337 7505 
7864 1271 

3039 1920 
6889 6257 
6268 1102 
970 11 
1230 5916 
6930 7223 
1630 9563 
971 3513 
2359 3958 

6282 4753 
7206 1318 
1593 2125 
3500 2584 
5337 4189 
89 9553 
5461 3129 
1473 8702 
9386 4093 

6156 6708 
4105 7386 
2624 1035 
961 606 
6951 1933 
472 9310 
5891 6754 
4063 3097 
4425 2009 

1575 4277 
4593 6912 
8466 4683 
6465 279 
4164 4291 
5333 3550 
8384 1489 
6610 2489 
5227 9234 

9877 6189 
6193 3180 
8122 6665 
2490 4013 
9771 2906 
7111 548 
4915 5038 
1177 9508 
1950 9644 

543 4767 
6275 4707 
5410 1609 
4609 3795 
3098 1219 
2636 8326 
6806 8865 
4515 9351 
2045 2637 

2368 888 
3002 8491 
3794 6465 
9040 8709 
1503 6569 
4569 3453 
6213 1465 
4573 8841 
6172 9983 

450 7134 
3778 9900 
8353 2767 
8226 1511 
7984 9093 
862 6382 
8082 3230 
7270 1085 
1722 1064 

7550 7114 
6125 9054 
3683 694 
8859 6249 
2159 3432 
5090 4684 
3416 5540 
1818 3546 
5440 6523 

2665 19 
4387 7002 
5464 5249 
3384 3547 
4832 654 
984 2906 
1718 4886 
6372 4195 
292 55 

1241 5504 
2656 9753 
8936 7746 
4437 8704 
9638 2607 
8603 1431 
5482 7620 
7802 9869 
4622 3266 

1471 8006 
3165 2655 
8660 501 
5561 6730 
5388 8285 
925 2032 
8340 2167 
7536 7349 
1920 6473 

5095 2709 
1529 1086 
1668 6484 
2517 7150 
4105 319 
3372 8727 
9937 1195 
3086 9455 
3850 1746 

9956 5763 
4829 1696 
4048 2106 
3729 8740 
4273 1265 
6089 2545 
4090 7537 
1606 1972 
8623 3274 

8456 7492 
6777 8913 
4163 149 
3993 4100 
1344 7079 
3555 1546 
8825 9864 
3661 6 
1560 4061 

2113 1641 
2801 2738 
9259 5243 
1636 9701 
9132 3242 
8025 7755 
6517 2834 
1599 9646 
1747 5762 

9795 5740 
9862 7491 
2819 9770 
5389 7997 
5986 9050 
4355 3898 
9463 6468 
5540 8616 
5559 1151 

3859 7195 
7204 2991 
437 5230 
7098 3306 
8064 8697 
2952 9811 
4459 9099 
1904 674 
2942 1075 

6796 8331 
5424 2782 
3733 9780 
6680 3196 
2600 8572 
8165 8159 
9723 2024 
5354 6928 
1368 2144 

8510 4818 
1802 6574 
3516 4755 
2737 4327 
206 993 
5001 3149 
2069 1797 
7832 7493 
931 7918 

3625 7612 
1114 6226 
6184 9279 
4385 2260 
7656 6092 
5540 5376 
8236 4050 
194 38 
6976 62 

1145 9713 
4390 7704 
707 5743 
7205 9128 
3893 5037 
2973 4824 
2955 6599 
8788 422 
9177 1325 

6053 9914 
3585 3709 
6006 9125 
5437 594 
9527 5632 
633 6503 
5694 8130 
6216 6436 
5834 3275 

8532 9391 
8755 2425 
4429 1729 
3601 3736 
4680 2390 
4158 3857 
3715 212 
3771 3652 
273 6130 

9129 5711 
6724 8656 
7695 3709 
5159 3389 
1840 7727 
6178 4026 
7355 4710 
3418 6110 
3487 4199 

4191 7088 
7935 8871 
5830 2094 
9080 5897 
8658 9204 
9549 5283 
1686 5030 
994 8410 
3686 8689 

2120 5197 
8431 312 
9277 961 
690 6632 
5671 4108 
9094 9158 
4659 3286 
2598 2595 
8509 8429 

1041 3942 
678 6051 
9498 6580 
1334 1184 
1610 8681 
9594 1649 
7370 8066 
6846 2153 
8378 6123 

3114 9069 
9107 5137 
9529 8202 
4295 4189 
7840 3246 
6784 6349 
8027 4177 
6643 8705 
228 6141 

5285 1562 
7325 3248 
243 6920 
4897 3966 
4986 1743 
2471 9717 
4219 5586 
8786 3326 
7075 8315 

7880 7723 
2504 5720 
969 5640 
2070 8996 
6169 5065 
4053 6397 
1207 9339 
4312 8532 
2587 907 

1804 7484 
1225 6791 
5579 3697 
6508 6150 
5635 1646 
9477 2710 
9961 7357 
433 8818 
3078 7754 

810 1500 
6750 6980 
6565 7156 
3377 4124 
6495 4041 
2657 5434 
4949 4461 
9270 6174 
7604 1201 

9871 464 
7352 1858 
2110 3181 
921 8424 
538 1354 
7242 9968 
5461 8052 
7820 8563 
1384 738 

5719 4762 
4862 8566 
8803 3871 
4000 104 
8333 9622 
6279 2289 
7176 2502 
2754 4528 
713 1216 

7709 1634 
9640 4599 
9340 3234 
920 4801 
7639 8740 
3365 9023 
5830 9084 
137 7045 
7651 8941 

916 8003 
5397 5601 
3978 8028 
7891 1154 
531 6997 
2034 7596 
8213 9743 
9230 4206 
694 8570 

7440 1614 
3372 5079 
6707 6737 
4103 8889 
5821 4240 
5934 9824 
9533 6851 
7828 1283 
8804 1806 

9311 6695 
9312 6194 
44 1346 
3790 4610 
7441 3020 
8816 8135 
7943 6256 
6102 1315 
7688 9161 

4404 8143 
8050 6577 
8735 3985 
6402 4621 
7188 582 
5904 5992 
8740 5215 
9040 8052 
1410 9084 

5750 1552 
46 3191 
925 8862 
7678 8868 
1471 3780 
6535 9159 
2941 939 
3654 7344 
3868 2389 

1329 6622 
3362 4869 
7204 9266 
861 2296 
834 6253 
6700 8596 
1690 2450 
148 1736 
1993 1073 

599 9672 
6293 8422 
3452 2828 
3933 2746 
119 7587 
90 3988 
6328 7771 
610 9691 
2640 4167 

5309 9853 
6463 6143 
6107 9516 
4739 7797 
8318 1240 
9533 312 
8665 6484 
9984 4959 
4906 9788 

7787 8839 
2534 7907 
2778 2624 
8247 9107 
395 8857 
5150 9387 
9376 459 
9241 2192 
2955 5348 

1708 4046 
9497 26 
5286 5382 
338 3952 
8219 6674 
5263 3125 
6463 3050 
8317 5349 
7309 1095 

7974 1908 
6554 4721 
7118 1704 
461 6494 
8516 9702 
8686 1471 
1402 394 
1869 899 
6773 7156 

2633 3463 
7460 852 
138 2723 
330 2953 
2125 8647 
8302 5787 
6094 2628 
7695 9001 
3702 4813 

7057 4163 
1308 5573 
3865 9994 
3396 1619 
6741 5266 
2518 3514 
8774 1503 
6977 6234 
2356 3467 

5309 9038 
6420 7434 
7685 1075 
3221 131 
3703 7269 
9132 7405 
2082 2542 
1568 9742 
8115 1785 

6089 7864 
3404 2830 
9482 2274 
2696 8256 
3778 6025 
842 2486 
5845 6151 
1524 8617 
9937 5561 

9692 9511 
2044 3396 
6780 7529 
801 5214 
71 8722 
1309 4538 
507 7398 
2402 3912 
6580 1884 

2538 5628 
6492 6316 
1653 7334 
5154 3850 
9837 6678 
2468 9775 
2239 2160 
5638 636 
5556 2418 

8165 2710 
3984 8236 
1432 5293 
2774 8291 
2691 1529 
2203 5623 
9765 4742 
1251 6258 
7410 9257 

9944 2565 
3107 9782 
5595 5575 
5909 4187 
7736 7899 
4823 9644 
6669 2988 
2354 653 
1224 138 

2299 350 
8430 4990 
1879 6985 
6966 1645 
1727 8217 
4255 5490 
7474 4199 
4407 582 
333 2 

2509 2594 
4189 245 
493 5364 
9890 7162 
8352 8596 
4168 5928 
8735 6467 
6279 7165 
1457 8158 

4150 4775 
6155 2230 
2993 410 
4072 6819 
962 8479 
3753 1295 
8481 6263 
242 9023 
2860 735 

4387 9102 
4250 9092 
7699 8418 
5020 2786 
4885 1299 
9951 2694 
5810 453 
7470 8317 
2683 463 

5080 6755 
3634 6042 
1586 7388 
7337 6420 
3651 3931 
1795 2863 
4667 6182 
1966 8917 
5274 6017 

7335 6647 
8803 2220 
4298 8754 
4914 108 
9207 8736 
4778 8243 
5551 9858 
1350 9186 
5900 2937 

6574 9589 
5709 6577 
3521 7504 
9440 4540 
38 7758 
3457 5313 
3775 7144 
8312 2578 
5716 2610 

7684 6982 
9071 3244 
5719 3849 
7839 1270 
3707 9189 
6808 5959 
8478 3382 
5548 4187 
6311 5421 

1691 2104 
9961 1730 
9862 9770 
3395 9990 
3266 8059 
2568 8982 
669 6605 
2317 9740 
9849 4388 

9941 7688 
2010 0 
3229 8819 
5959 1708 
8553 7860 
2247 4865 
9633 3939 
6969 9595 
2021 3183 

5717 1768 
3173 8984 
9827 2094 
4318 6848 
8699 2987 
6589 4900 
7375 2882 
2588 9386 
2883 2169 

8205 5194 
3877 3110 
9406 6125 
7975 9040 
6416 1296 
4987 4789 
832 704 
2909 4005 
6040 2736 

2451 359 
9584 7502 
3346 2525 
2402 7074 
5408 1342 
6460 4643 
3512 1017 
9837 3741 
4127 9244 

9866 8455 
4636 2634 
6103 9623 
3775 6935 
6679 6684 
7293 2720 
5772 9744 
3079 5357 
7247 2777 

4234 6001 
9851 5994 
3696 2663 
637 7208 
32 6827 
949 512 
2423 7168 
5319 7059 
6154 1422 

3034 9930 
8358 9713 
6614 5651 
2433 2387 
1747 1864 
4096 8994 
994 8330 
1348 7197 
677 5044 

9861 1314 
8604 6245 
4493 9553 
3109 6916 
3073 8428 
327 9228 
6203 3361 
9158 4561 
3075 5772 

6564 5508 
8159 8311 
3725 8607 
3658 4719 
6938 5006 
1916 7615 
6402 1777 
5281 5006 
4375 9775 

911 3836 
3043 3985 
8617 3371 
3213 4820 
3084 2371 
5733 6159 
4495 2297 
8020 9007 
6960 1745 

7614 618 
6464 904 
1976 8380 
4871 8378 
6510 153 
9736 7237 
6280 648 
1073 5675 
4633 9690 

5398 4198 
4510 8483 
2921 6595 
4642 3768 
8892 9014 
2775 5853 
759 6742 
2823 7223 
7646 1152 

1956 2518 
5882 8466 
9023 5619 
5703 5303 
2619 6776 
7330 7252 
2819 2729 
7802 3681 
1212 7075 

277 2206 
843 9169 
1221 3619 
1374 1980 
361 550 
5556 8007 
1702 7512 
6877 7584 
5978 5900 

9555 8033 
7555 2174 
1161 4886 
5778 3980 
7615 3580 
4014 8827 
655 4291 
1033 1499 
9812 8606 

1470 7539 
587 8183 
8089 6143 
2542 6143 
7 9420 
79 2337 
5320 9635 
370 9228 
1809 7883 

4114 7588 
8216 1729 
7520 2230 
6908 4528 
6521 4293 
6027 2685 
2900 3849 
224 9839 
2032 4665 

2334 4574 
808 2341 
346 888 
4678 5667 
523 1400 
1247 8684 
9283 5361 
6272 7499 
3442 145 

9729 350 
4673 2602 
995 7052 
5288 3895 
901 1864 
86 9285 
6530 2420 
211 7338 
4761 558 

8226 5791 
2577 5101 
7191 3824 
3786 2827 
9185 6410 
326 2627 
6555 6408 
9329 7580 
5362 324 

4632 650 
572 1885 
2515 658 
1170 5397 
3079 1382 
2735 4192 
1940 7314 
6336 4517 
8767 3527 

4693 8905 
2706 3878 
5316 9385 
2857 8223 
5793 2186 
5804 7507 
8862 6788 
4510 5786 
8674 3377 

2797 6196 
8774 2228 
7578 1509 
6420 5870 
5175 2756 
6739 3943 
2636 1432 
2848 1694 
1662 4516 

1079 4519 
9092 6872 
3057 1248 
732 8272 
8036 5242 
4058 6710 
8619 6855 
9259 7393 
9083 3189 

5254 1856 
9060 430 
964 2151 
725 9952 
9936 3573 
1647 1598 
4442 2726 
6118 3534 
5951 5527 

4782 6683 
3799 9170 
1925 4210 
2233 6896 
7417 1492 
4289 2853 
4681 9543 
4709 93 
6325 2025 

2245 7050 
1978 8533 
6976 9977 
131 1418 
2703 2601 
1304 5006 
8129 2438 
1689 8280 
1608 9966 

8842 193 
6862 6260 
1685 7503 
5465 2719 
3399 6526 
2812 9724 
8551 1409 
6775 6881 
9942 3751 

6858 74 
1521 5914 
9027 9177 
920 3508 
1615 8962 
1789 9575 
8928 6983 
9769 2143 
3243 1454 

5998 8708 
525 9397 
5234 3338 
9122 138 
1099 2249 
7019 1042 
2352 230 
7468 3873 
6144 6495 

9402 7064 
4 7369 
6026 8145 
6944 1307 
5128 6713 
3450 4724 
4520 5800 
9784 5045 
5198 1371 

4735 4320 
1509 5835 
2921 4880 
3229 5273 
5110 697 
5498 1254 
3544 4900 
4671 9900 
2269 697 

4397 5565 
2004 5878 
2279 1806 
602 3151 
7607 6738 
4548 9157 
8109 5636 
3477 5970 
1471 2750 

851 1052 
8023 2313 
8101 3521 
9920 1645 
4773 4591 
7898 7042 
1640 2295 
2607 9997 
8173 1238 

8155 5127 
741 2114 
1866 1642 
1271 9975 
7278 1100 
2298 5101 
3850 3149 
6153 1873 
1814 4254 

1746 1734 
2251 6519 
2677 149 
9913 4318 
8797 2521 
4315 3322 
111 8822 
4802 7205 
937 6668 

8847 2208 
2995 6125 
3309 5293 
1226 7159 
4794 3731 
5385 2961 
7985 7131 
4695 236 
3651 3725 

6738 3564 
8043 1887 
2437 8710 
5209 8901 
7532 11 
6106 8469 
3031 4953 
7030 6027 
7430 339 

7672 5008 
3850 8819 
5091 9235 
1780 3076 
2719 2827 
9664 6370 
6552 2754 
6286 947 
4641 5076 

6009 6203 
3977 9894 
6214 6435 
4715 5598 
7740 1745 
7977 1522 
8436 5649 
2882 2287 
820 7973 

7874 2600 
1049 593 
1780 7065 
3315 8332 
9820 5954 
5632 4461 
1030 1641 
664 1359 
7887 3231 

4146 2603 
8829 1886 
4348 3158 
9760 2785 
8807 2642 
1424 5980 
615 9298 
8580 1664 
6244 6712 

5081 9559 
5045 4901 
1865 7029 
5715 9247 
5022 2731 
606 2910 
5962 1104 
5513 1143 
2990 9861 

653 9102 
8998 5813 
1744 422 
1793 2359 
6073 6725 
375 2317 
3438 5457 
8228 4835 
358 94 

1864 2425 
5693 3238 
5157 6300 
6148 7471 
3756 8013 
4967 3099 
4227 5620 
2201 3225 
1433 3946 

0 9578 
6305 6073 
6304 6681 
4742 9742 
2138 9322 
4577 8848 
9416 2793 
1274 5110 
6031 2783 

7762 8532 
254 1518 
6545 1573 
969 772 
7194 3171 
350 4979 
7117 350 
4558 3422 
2775 862 

6455 3869 
604 8593 
3191 1533 
3794 8960 
4326 5068 
4070 6709 
7851 8184 
5241 4457 
6054 1787 

6031 7024 
8911 9577 
6547 5613 
4556 3664 
2315 5466 
3438 5090 
6328 9894 
5311 3284 
4839 8503 

1169 8633 
7463 1847 
53 7885 
8557 7904 
6069 3798 
8714 8475 
1937 4745 
1851 7201 
674 8398 

2814 5230 
8414 5130 
7049 1853 
6572 3377 
8099 1884 
3014 2938 
387 535 
7924 4202 
2383 7977 

2087 940 
2234 4508 
4738 948 
2983 3028 
2045 1187 
229 2719 
9585 9395 
4301 4352 
877 1350 

2557 7450 
1080 656 
5686 446 
9946 6073 
981 7870 
6627 3364 
2200 8714 
4304 4434 
3222 5395 

1734 2557 
4775 3779 
3744 1356 
2850 9682 
751 7151 
4034 1629 
4854 6591 
5431 2286 
3599 1117 

9084 9897 
3542 65 
4120 169 
9782 6320 
8883 438 
754 8457 
2185 2488 
1014 6960 
2619 4759 

8316 5469 
793 5420 
8972 1179 
3401 178 
4122 5184 
2464 7721 
6301 7900 
7618 6195 
7966 8090 

6364 4100 
4410 1599 
4538 1516 
6408 6724 
4004 7422 
3684 2975 
8533 8353 
8444 9326 
125 3769 

505 9878 
3947 4627 
5062 2764 
8700 7715 
7016 2671 
3910 4982 
761 6626 
5434 5172 
4577 9973 

3040 985 
6697 7045 
8407 6733 
6372 3293 
1438 1169 
2619 7915 
4938 9477 
7793 5237 
456 9207 

4353 5509 
6922 1370 
8180 7184 
2704 5293 
3810 8139 
6817 4739 
4464 9858 
5724 1161 
3255 484 

4246 9627 
3777 2037 
796 2748 
9952 2086 
2225 4098 
7324 9034 
3305 8029 
4543 6580 
5751 9075 

3764 8456 
4368 7575 
2947 1186 
2314 7411 
7396 4391 
4924 651 
4875 9170 
278 8652 
7559 7427 

7752 7512 
9513 6330 
7962 6837 
5364 1267 
1219 6259 
7847 6970 
5334 1612 
5426 6054 
5539 4725 

3592 4205 
2136 988 
8596 7060 
1639 3471 
2583 8270 
8475 142 
5697 2580 
4006 5210 
8910 8320 

8400 4274 
9588 9619 
6885 3787 
6589 2219 
1751 8368 
8273 7290 
3093 1866 
7848 5230 
2854 6444 

8642 846 
6268 7577 
5468 1095 
4072 1165 
3675 4430 
2727 2585 
2751 1127 
3211 8691 
7098 96 

2478 3688 
8667 4230 
8408 6941 
7872 1501 
5159 5720 
3083 4365 
8517 8078 
1563 4785 
5655 7031 

5880 6079 
4548 9556 
510 7276 
8493 9613 
8403 1705 
8304 1854 
8153 782 
5542 6821 
1364 3950 

114 5589 
1803 1625 
7661 4887 
5990 6178 
9317 3906 
7315 1324 
937 9548 
7404 5486 
9104 4266 

2762 3949 
3879 7517 
5654 2183 
9371 3808 
9317 1265 
6981 7034 
1567 7095 
8975 3371 
8720 6636 

4610 1062 
9167 279 
4968 2834 
1603 2258 
2382 9007 
7744 7838 
9625 6858 
1788 3504 
727 3794 

2039 6451 
3954 7709 
7716 935 
1095 5636 
4382 70 
9007 9454 
3058 9969 
517 8577 
248 1837 

1412 8203 
4095 3794 
7211 8191 
7985 3188 
1401 9773 
6693 2129 
9919 5084 
4932 3874 
2793 2648 

1161 3888 
8284 5544 
310 3643 
4998 3369 
9964 5515 
1946 6564 
3705 3358 
4768 7800 
3505 8331 

2344 1490 
1519 3745 
7615 4564 
2226 7534 
9649 7158 
7760 8794 
6159 8922 
2683 795 
4466 2993 

791 9464 
2714 755 
1332 4661 
3672 5037 
4371 4792 
9189 7876 
3123 7885 
5718 994 
7983 3333 

5559 6561 
7220 1560 
3720 4980 
354 6231 
3902 9389 
7026 8368 
2383 4169 
4185 5097 
1277 1869 

6110 4949 
3258 482 
9741 8799 
4710 9216 
6685 429 
210 4668 
114 2121 
1229 3686 
3681 1301 

8667 388 
3884 8921 
9777 7263 
3642 2160 
1432 4179 
3610 2709 
6048 6072 
7658 9306 
6554 3751 

8105 1265 
2967 1142 
8046 3178 
2162 4512 
1651 3392 
8199 5333 
1045 3218 
5721 1282 
8491 5498 

8545 2133 
4011 6329 
6312 3973 
9039 8712 
45 3049 
8018 2952 
6801 2476 
569 6120 
9970 4967 

9298 2133 
9479 950 
1877 4030 
2635 9274 
3600 4708 
556 2092 
6558 9101 
577 6921 
5431 6890 

7246 822 
1954 7292 
223 9973 
6596 3376 
8801 7165 
9497 5123 
2132 5147 
7256 7963 
2449 9133 

8346 5084 
4760 1946 
6144 5316 
390 2703 
770 968 
9624 2553 
4210 6871 
3375 6164 
515 3598 

2489 7111 
6975 7642 
628 2824 
2766 9112 
7971 22 
7075 421 
5508 5421 
1857 268 
3720 8002 

5584 4110 
7057 6354 
5078 6681 
5259 5640 
9904 8634 
1805 6771 
8585 4294 
234 1912 
1937 862 

4736 4703 
9974 9059 
1077 7050 
9480 6585 
8823 1338 
6853 2543 
5692 8790 
3006 2749 
1496 4436 

5782 6756 
77 2039 
1742 1882 
8810 6679 
2528 9045 
8591 4465 
6259 9679 
5520 6234 
5091 6598 

9636 4571 
3183 4811 
2261 6389 
3707 4305 
5179 6713 
7054 3027 
1149 2837 
9783 7578 
4876 7878 

9460 38 
4557 8341 
9083 9501 
2806 1695 
9180 4679 
7929 4271 
1277 3917 
5195 812 
8728 3808 

7201 2435 
8114 8732 
5500 5168 
8112 3002 
4357 7895 
580 5585 
2125 6393 
5624 6683 
4734 1059 

6184 3892 
2754 1716 
8571 683 
5988 9848 
952 7535 
7013 9681 
1343 4214 
8468 5809 
9299 321 

978 7411 
9675 1687 
1658 255 
7273 3784 
3000 2897 
6819 4086 
3956 3003 
7979 6711 
4719 2902 

3746 7059 
2751 4699 
4594 6116 
732 2290 
6682 5552 
8099 5981 
5873 5429 
9744 1900 
7117 7755 

2156 742 
7891 1508 
3639 4710 
5595 3947 
7713 9926 
7010 8784 
2828 757 
5844 1931 
1808 6790 

8047 2540 
5432 4730 
4444 9884 
7063 6670 
5313 6808 
8570 8782 
915 7078 
5876 8806 
8587 5867 

3516 4182 
9815 7581 
460 6825 
6365 3288 
3934 8561 
5220 5742 
5352 3267 
4634 7136 
7997 9079 

7020 5061 
5749 8686 
8221 4319 
3820 9136 
1398 9697 
4294 6337 
5564 4162 
6871 1731 
1743 7331 

8557 4460 
619 8843 
9374 5839 
4586 1078 
5459 9220 
8214 9808 
4651 5235 
1221 6752 
273 9442 

1072 4093 
4930 8822 
142 9224 
5159 5707 
9738 8382 
7438 1481 
5713 2347 
2294 6332 
1191 1668 

8524 2129 
2746 3983 
7701 960 
3791 2353 
2547 5013 
9105 2820 
807 6529 
3266 2090 
1703 3408 

7666 3214 
9115 7405 
1596 2906 
8886 7309 
1605 7532 
9994 9148 
5552 4870 
1277 8298 
8853 8979 

5611 8996 
7684 4510 
361 6789 
3683 7521 
9671 6949 
9611 1374 
357 7277 
4589 5825 
4682 2537 

8731 9921 
9847 6688 
7453 6193 
5837 3006 
1063 7114 
7656 6268 
2445 9619 
5264 129 
4130 1978 

3271 7813 
9499 2942 
4762 9110 
4316 1471 
2739 5257 
7296 7422 
7795 2379 
7343 3994 
9068 1148 

6539 1257 
506 7602 
8371 8163 
222 7169 
4134 1838 
7298 8264 
3816 569 
2429 9667 
3511 3543 

5129 4180 
5015 7869 
5789 2311 
1643 3584 
4691 5338 
3930 111 
6486 469 
1368 6993 
4423 6091 

1508 4645 
3260 1994 
2836 559 
259 6652 
7480 9040 
2672 7344 
2584 7801 
1524 7599 
2022 7313 

6262 3665 
7250 7305 
9003 7532 
3768 5490 
8002 5136 
8835 8777 
7580 6695 
9775 840 
8689 2611 

7751 5300 
5615 1584 
693 8287 
8928 3277 
6089 452 
7228 8111 
4117 3490 
8129 7719 
7148 7132 

5252 916 
8974 9606 
2405 4161 
8383 9985 
856 4510 
7177 5898 
7121 1281 
7550 9089 
2865 4595 

7376 1793 
7872 9817 
8597 1452 
4281 2714 
1295 2410 
434 8443 
9542 5686 
9359 8517 
5292 8116 

2678 27 
8101 9887 
4538 5279 
2137 8011 
6560 6039 
7100 9425 
635 829 
7570 4859 
646 6167 

6312 4927 
8881 7607 
7337 5667 
2402 6880 
7705 8113 
1749 2997 
6230 4427 
9377 4331 
666 267 

5962 9155 
8278 8874 
5195 1731 
8299 2182 
2560 2221 
7041 3206 
8388 3353 
4486 3622 
7312 1823 

9289 9714 
5055 6995 
7828 6804 
6344 4058 
7584 5721 
4741 8250 
2340 704 
7406 6971 
9578 8953 

8702 4230 
1135 7614 
6451 8176 
7172 1192 
7882 1658 
4814 5194 
3482 4103 
1261 4889 
7450 5441 

1694 3795 
9499 9278 
5868 4240 
3880 4561 
1296 7638 
1532 875 
6591 6586 
1457 4078 
4200 7908 

8607 1372 
9100 6489 
9383 266 
8035 9217 
722 5648 
4106 8172 
1089 5800 
8319 6940 
1430 540 

7533 5311 
5101 8829 
9301 6633 
6056 5893 
9571 7513 
6323 3771 
1774 4930 
1495 7226 
7771 7230 

7493 5807 
6447 8215 
7807 554 
2739 8897 
2706 1059 
2189 489 
1599 9722 
5800 3052 
4904 5101 

6037 960 
7346 5608 
4826 3670 
9379 6600 
4952 7226 
3826 2724 
4457 7671 
4883 7256 
5886 2690 

7810 8626 
7939 6869 
6037 129 
7358 3988 
9851 9510 
7040 1107 
963 3077 
2068 8310 
8685 6894 

8332 4416 
9846 3284 
1642 24 
2360 2451 
7696 7243 
9708 3582 
9934 3870 
8560 4225 
739 949 

4354 4449 
4937 558 
3959 1977 
1665 1275 
5054 3733 
5937 91 
6979 4269 
4507 3177 
3905 2502 

3202 6266 
4953 898 
3509 4661 
832 9795 
8532 5745 
4021 5623 
6694 4727 
6425 1632 
5285 384 

3609 6951 
8011 5016 
7036 3948 
1459 368 
8217 5967 
3545 8475 
4821 6747 
1093 9774 
3997 4602 

788 4830 
750 5672 
6927 1123 
7647 3621 
5850 4072 
5253 7488 
809 5215 
791 8820 
6583 7827 

2769 8042 
4547 7338 
361 8093 
5813 5182 
1192 6906 
1309 1542 
7861 8449 
2724 4963 
473 9651 

6086 8120 
3272 8288 
2193 4878 
5776 9354 
6445 6567 
8174 9380 
747 7295 
7422 5294 
4634 4136 

9739 447 
5670 7284 
3706 3331 
8826 1567 
8132 1550 
2882 8605 
7553 8968 
6726 7177 
3608 5271 

8407 5737 
977 4852 
8656 9151 
4232 5755 
6447 8007 
7402 7433 
8495 7141 
7880 4165 
777 7938 

3849 5955 
5857 1981 
7505 8739 
587 1410 
4059 3665 
8588 7668 
5288 6995 
9757 6265 
8200 8413 

5416 2432 
4169 8215 
6791 1571 
5648 5286 
5064 9881 
5804 5842 
7819 9653 
1797 3677 
1634 5655 

2416 8573 
7065 2828 
2238 2005 
496 7526 
9001 6605 
3791 3553 
5018 5560 
5985 5539 
127 9129 

3462 5776 
767 8527 
2009 6571 
721 6180 
2576 8870 
9857 563 
877 8626 
9136 7943 
7806 1375 

6300 8302 
5253 1653 
1259 5397 
5206 6277 
957 7544 
8169 1084 
6673 1631 
3212 7440 
158 1573 

364 7231 
7754 2940 
6102 3963 
3503 6979 
2589 8992 
1274 395 
6719 7575 
5049 1972 
5580 6308 

7369 787 
8938 4678 
8331 7107 
2115 1356 
5090 1679 
5148 5249 
3253 5512 
8832 1007 
4805 4934 

4970 4660 
8266 3912 
3652 9540 
659 6723 
3467 2061 
8696 9048 
4721 2417 
6187 11 
3448 4518 

7118 5563 
2226 2209 
3594 7374 
3810 6847 
9239 8994 
4206 4044 
3929 5529 
5056 8547 
5793 5061 

4439 2804 
1784 7907 
4865 6832 
3307 5939 
9250 9494 
5950 9050 
364 9421 
965 8942 
7982 4559 

6316 8144 
7759 5555 
7138 8317 
5951 1067 
3846 7360 
5966 9639 
2421 406 
8796 557 
8313 3661 

7390 7972 
5952 6640 
3818 1903 
2042 534 
1324 3007 
9476 5658 
7566 5792 
3802 5325 
7700 940 

3643 3 
8360 3841 
3715 4326 
9833 2488 
4732 8629 
3046 9397 
8642 436 
3721 4595 
3428 7539 

2850 5470 
8073 4174 
8477 3901 
6184 6043 
6046 9986 
7721 3746 
926 7716 
101 5638 
7909 3817 

9965 4094 
6305 1049 
2723 5703 
447 7718 
6139 4168 
2313 9567 
8060 5163 
1389 2485 
5689 9866 

6387 1873 
2262 2433 
8211 6335 
2531 5489 
403 8984 
1128 8312 
9153 7445 
2407 1811 
8494 1482 

7514 5293 
9200 3654 
5814 7865 
9573 3874 
9380 7315 
2711 1421 
7181 9098 
9646 5795 
7883 7857 

8482 414 
3347 8885 
5751 827 
3550 4904 
8272 2309 
6715 3118 
143 4230 
8412 9344 
4236 4226 

3561 161 
4452 2942 
7476 7163 
4363 1010 
2614 4010 
3157 6849 
8219 1640 
7264 1566 
6877 3015 

8745 427 
4271 7017 
9088 987 
136 9232 
1569 4900 
4928 2157 
5478 8489 
2318 9930 
7783 6147 

3445 2147 
3509 2411 
2509 6666 
9261 728 
4658 2877 
8647 1536 
2244 7392 
8315 6515 
762 3756 

3854 898 
2988 5423 
2150 7916 
3932 7628 
2757 6251 
3910 541 
8750 7355 
9040 2259 
6119 7901 

5277 5380 
4981 9936 
4609 9980 
7824 6853 
3725 2491 
9720 4487 
6247 3575 
1737 9235 
5350 3887 

3503 9283 
1515 2613 
1886 5425 
3154 636 
9132 8546 
9247 5251 
2799 4524 
6983 7780 
812 1592 

4113 8636 
4797 7838 
1128 4518 
2325 7375 
4445 4062 
2963 6147 
4301 2818 
5430 5816 
5431 3668 

7593 4937 
656 6725 
9835 9903 
8329 2634 
780 1664 
6767 7944 
9609 880 
6581 4406 
8718 4061 

5276 7395 
7788 9721 
7809 7103 
5869 2110 
9922 7651 
4278 1705 
1320 1871 
6643 1976 
4948 6478 

8232 9629 
5465 5364 
1294 2232 
3308 903 
3112 6241 
5309 8182 
302 6938 
5577 4443 
6659 9738 

1546 8880 
1848 7820 
2884 2478 
9526 4204 
701 6169 
2532 2001 
8999 7116 
1631 4464 
2480 9277 

3048 5789 
180 2512 
2030 1841 
694 8685 
8779 2623 
3128 1791 
2361 1026 
7023 561 
8847 9907 

9391 8373 
463 92 
894 2996 
8446 6245 
6464 77 
710 8945 
9354 110 
1086 5886 
2623 3116 

7727 3317 
8153 2859 
2293 1281 
1002 1006 
8660 8025 
7920 7507 
7933 7311 
2232 4748 
3756 9478 

7744 8554 
5723 561 
8631 2785 
9506 4337 
2896 6944 
223 1871 
60 4302 
1540 4566 
7161 3833 

5847 8163 
1192 859 
6189 9112 
4718 474 
2775 6950 
5222 2883 
2780 9319 
1437 4856 
9880 6420 

7641 5738 
757 6889 
2682 7332 
8760 9094 
1635 301 
3660 8796 
486 5860 
6960 1678 
6719 9501 

7142 1438 
6327 6270 
4740 1549 
5505 3873 
7220 6943 
8729 3452 
9715 6370 
9190 473 
9612 8224 

4157 4724 
7319 5792 
1377 979 
4589 1864 
3191 7901 
9894 6263 
3754 3389 
7701 81 
9659 8793 

7982 5164 
2666 5203 
8459 1395 
8655 4527 
4118 4198 
1352 82 
2422 5509 
4806 6093 
1302 6184 

7073 2243 
4400 6616 
6496 4294 
2879 250 
4035 6932 
6683 3694 
5726 4665 
5211 4744 
6220 22 

2492 1228 
4549 2962 
5426 5901 
3044 4200 
7763 4202 
294 9065 
6738 3719 
7660 1138 
335 4156 

1785 9567 
4406 5820 
6499 7441 
5867 8577 
8458 7430 
9674 1031 
7452 2166 
2259 8354 
1480 4037 

607 876 
4589 8370 
5078 4883 
3787 1817 
4954 1447 
9307 5290 
5603 1092 
1209 6361 
3265 7708 

154 9132 
6286 8613 
2914 5960 
9644 366 
4478 8255 
5072 5958 
8644 5680 
6834 3233 
402 8264 

8117 4190 
6433 3071 
1989 5741 
4713 3945 
3185 5922 
6658 2802 
9983 6813 
8286 2621 
5426 1200 

4933 1422 
1567 9411 
9677 2991 
1721 8321 
8671 4907 
1554 9074 
3171 6023 
9616 9605 
5447 7957 

1698 6512 
1902 4883 
8787 8561 
7686 8770 
5374 5972 
7743 7152 
3525 2676 
8574 5092 
2087 4603 

4435 160 
9276 3107 
5067 830 
8533 4590 
3206 4501 
547 5005 
2458 2245 
7869 4361 
3481 3008 

2922 7519 
8130 4648 
9843 5873 
1800 3368 
8549 6726 
4812 6988 
1329 9248 
7148 605 
8707 8567 

7787 7240 
3158 7345 
8093 3705 
2350 551 
2303 6572 
1264 5784 
9580 538 
3303 7711 
5186 3146 

3584 3338 
2867 8486 
64 7679 
5474 1393 
6927 2623 
1998 1986 
7542 9786 
9226 700 
3483 3671 

758 2186 
4223 3061 
8758 1839 
5197 4690 
2378 8500 
2401 3916 
7998 2338 
7255 865 
824 7319 

4897 6298 
8713 8176 
5273 7063 
163 2816 
3201 5741 
9868 6685 
9413 626 
8871 9988 
39 3981 

1827 5236 
8671 557 
88 7425 
4474 8087 
9763 1729 
5304 587 
9048 6553 
3237 4113 
4730 8511 

7529 1245 
7679 730 
6986 7547 
3767 2751 
8174 8990 
2739 4565 
2971 919 
9802 1643 
1476 9890 

9068 5950 
4329 5183 
4031 5986 
2122 3080 
2539 5359 
3545 3621 
222 1074 
4866 7901 
8157 1853 

5449 8276 
4604 9975 
7267 3696 
4540 238 
4615 694 
8233 6091 
585 3653 
8394 1266 
5188 2425 

7252 7310 
1857 6144 
2670 1755 
9765 2892 
2829 4632 
7146 7338 
2837 2595 
5615 7441 
8922 9234 

7489 3462 
5824 2104 
509 410 
4548 1094 
415 2942 
8712 5604 
5367 2317 
2914 3577 
8461 1936 

5332 8226 
1181 4513 
9210 8327 
1852 2047 
922 3819 
5841 6196 
3053 3330 
9658 5229 
1787 167 

5639 6335 
7613 6055 
9277 2678 
1659 996 
4995 925 
4573 3456 
2862 9905 
8034 395 
4419 7245 

8722 2623 
5644 5996 
6442 1485 
2192 5847 
1168 8202 
1076 2955 
4722 3068 
9290 2335 
9123 8567 

1365 7134 
5915 6360 
8059 489 
6168 7273 
6746 4203 
7668 1165 
7800 6390 
140 3444 
8738 2934 

4930 930 
8781 6098 
9133 6210 
5405 3855 
5630 4695 
2542 4753 
9614 3908 
8239 5529 
6620 2650 

2370 2789 
9924 9117 
3344 7592 
6634 1144 
335 6775 
4588 9073 
9709 5870 
6356 4843 
8320 1841 

7405 3725 
5696 9387 
4772 4590 
492 4386 
4850 8731 
6268 1471 
1381 8638 
4260 1305 
4107 7604 

5250 742 
5100 1937 
3869 6040 
7362 9930 
1911 70 
1125 6583 
1911 4882 
6661 3959 
4269 7785 

8550 4761 
2172 3400 
9844 8440 
4871 1226 
3430 5483 
8883 7538 
9439 485 
4632 4539 
8774 8501 

580 2489 
4783 8843 
2559 5909 
1778 4471 
7143 8439 
8430 1413 
6225 6980 
2526 4749 
6733 2371 

9541 7956 
9949 2971 
3440 8832 
6861 2879 
5670 1493 
3771 4444 
6346 4351 
6933 7482 
3194 9493 

9743 4972 
316 6886 
9764 8746 
4651 2341 
2079 7178 
7090 5164 
5901 2983 
3120 5850 
2306 2912 

4682 9168 
5792 352 
7013 5915 
1149 9712 
266 8082 
7194 3460 
3927 3289 
4784 4243 
175 4548 

9342 1179 
6889 7773 
8357 331 
2937 4258 
9666 6057 
6460 1973 
5322 1142 
7493 7466 
7847 4506 

3381 5348 
570 3647 
9782 4116 
3459 3710 
7405 8243 
4305 3933 
9144 9999 
5112 6033 
7772 9821 

2717 709 
4079 2383 
3119 6891 
4356 8441 
4385 1849 
2259 2232 
2708 5640 
3932 9630 
9287 3715 

3747 2746 
3777 7504 
7341 4434 
1437 6485 
4434 6549 
8871 2206 
2722 1588 
9268 3153 
323 8739 

44 1032 
3532 4430 
9233 5791 
6662 1941 
1431 6947 
1572 7070 
662 1671 
6168 791 
9175 3509 

5225 6965 
9995 9659 
9866 8866 
8218 2589 
6806 3838 
5742 7129 
2577 5787 
8161 2461 
217 7395 

8252 3231 
5688 6035 
178 3612 
9457 7192 
5283 5625 
7983 811 
9134 9561 
7776 5481 
9220 7642 

699 3790 
6583 7505 
7628 2326 
987 6557 
8113 9148 
9018 4682 
2895 3622 
7913 8584 
6009 4444 

2196 5466 
1636 3832 
1091 5972 
4643 6578 
5533 8771 
8411 1105 
2765 9111 
4896 9349 
6616 2524 

1675 7603 
5434 6140 
3104 4452 
822 5999 
4427 5087 
935 436 
9531 9484 
5903 7520 
9668 3346 

3492 663 
6276 9025 
9434 4688 
6482 8551 
151 1378 
7900 3119 
255 5927 
7075 5689 
2067 179 

141 9241 
2530 4568 
4329 9818 
1357 3860 
9302 7260 
1380 5322 
6958 1224 
5985 9587 
6601 5419 

4275 3084 
3970 778 
4462 8223 
3897 1069 
4150 972 
6758 2570 
7503 3252 
1811 34 
4172 6140 

6204 5529 
6353 1858 
9141 4085 
7180 2452 
5310 3165 
2039 1911 
4936 2666 
4995 5258 
3444 9458 

3481 7341 
527 3984 
8314 3638 
6554 5817 
6890 8365 
2203 1062 
858 4759 
2944 7211 
6617 2085 

1296 3797 
4537 6606 
3314 6576 
8518 8250 
9242 9865 
9861 2686 
5675 3342 
6380 2555 
3678 1046 

6193 232 
6863 9435 
4950 5419 
497 5808 
6530 3441 
9371 3148 
1879 7019 
3297 6416 
3626 6612 

9345 8496 
4862 4939 
4713 1075 
3978 389 
4418 358 
2944 8096 
1404 9137 
4681 4619 
8572 9631 

6390 5421 
1791 2921 
5215 1162 
6069 7094 
8181 5718 
9862 8159 
2330 5559 
3007 3545 
499 7721 

4620 4477 
4462 5390 
4835 7406 
9839 2591 
2895 4520 
7210 7819 
503 3601 
9592 2294 
6522 1159 

9808 8943 
4605 4341 
4661 820 
2501 3344 
6379 1860 
6889 6878 
5933 1509 
7707 395 
6900 8894 

4153 3091 
1485 3400 
7611 8696 
7571 8114 
8649 7164 
6760 1523 
8323 6568 
466 9281 
909 1479 

101 9762 
4823 6480 
7975 8064 
9711 3908 
9574 7418 
656 2826 
6313 1161 
5917 4150 
4562 9880 

9198 2133 
4346 7847 
5649 1106 
9370 325 
4026 6188 
9606 1287 
7668 9707 
7402 8843 
6187 5377 

6908 5898 
5637 2834 
9669 2645 
2012 2334 
3807 7929 
6484 8369 
4161 5683 
6854 8507 
9882 2504 

5965 9253 
2829 6343 
5441 2435 
3982 9461 
8494 1384 
8305 4681 
3113 1565 
6932 5103 
4399 2953 

7748 6411 
1639 7907 
692 4475 
2628 1205 
6510 9483 
9712 6393 
8339 2029 
5646 1168 
8372 7439 

9955 2354 
3253 4801 
91 1558 
9482 9556 
9475 2766 
4659 3874 
2071 8760 
6637 3710 
3019 3681 

8186 5648 
4886 4696 
5131 950 
1089 3470 
2979 3087 
990 7703 
6879 7297 
6409 132 
2098 2852 

1690 7932 
2409 7517 
7051 3420 
1391 9122 
8532 4380 
2833 1552 
8061 1019 
7200 9299 
2067 8683 

249 3157 
8505 9580 
2596 9495 
7283 9475 
3144 3692 
9607 5242 
6545 7649 
9526 5306 
5166 6577 

8726 2909 
5700 3611 
7289 4885 
5163 1702 
5904 8715 
7353 7971 
7398 7602 
7480 5903 
7182 77 

1750 817 
5904 1246 
862 5512 
2840 3759 
3161 2366 
9065 8328 
5296 4143 
7589 996 
7754 4879 

5881 9269 
2933 8137 
7984 287 
2460 1734 
4241 6293 
3989 1424 
2722 2091 
8593 8626 
3337 9455 

4138 6177 
3214 3652 
4896 8631 
1980 192 
9127 9569 
7540 3233 
800 9773 
2503 86 
4262 6839 

373 3074 
4926 4614 
9367 8915 
2390 2089 
1007 7336 
716 696 
6791 1206 
6874 6358 
4858 8122 

1341 6838 
4666 6820 
2760 2206 
54 9912 
8331 8909 
9998 2593 
5748 6723 
5667 674 
7690 5035 

5942 6432 
3476 6949 
3768 4192 
7645 6912 
5399 871 
9622 6609 
5345 7315 
9800 11 
4136 2560 

8569 4190 
8824 6900 
9451 5175 
9493 5199 
8250 1513 
2226 5940 
2900 8168 
8725 6376 
1469 2493 

6921 5466 
5757 8672 
2690 1731 
5281 8035 
9047 5081 
8047 9535 
3993 6616 
77 2818 
9869 9528 

4345 9362 
1079 2595 
7227 9657 
8536 127 
7825 7261 
6504 5646 
6106 3425 
7465 8216 
2097 155 

9947 7378 
8190 5346 
8812 2589 
4881 2805 
5558 4958 
1975 1779 
4486 6320 
1141 1918 
8916 4721 

1575 3804 
4848 5753 
7417 1352 
1399 9875 
1129 8864 
8091 3226 
5371 8039 
6957 9914 
9737 5769 

8855 4619 
4926 4413 
5929 6902 
2544 6768 
3222 3686 
8686 8490 
8407 261 
2294 9607 
6014 6063 

960 3766 
5939 2089 
8982 4030 
1668 4354 
8421 4977 
620 8159 
7098 9475 
2778 2024 
241 8707 

8926 2785 
5475 8501 
2823 513 
6991 1230 
775 5638 
7190 3141 
1701 8150 
3259 7640 
6591 2242 

1671 8259 
2948 6444 
9588 3568 
4603 6686 
3043 7381 
8711 3284 
2441 7637 
6070 4268 
2490 8893 

4782 5834 
6476 1909 
1472 3666 
5050 9525 
8168 8310 
7166 1111 
6904 5189 
9371 6204 
1633 8959 

9772 6237 
1998 9167 
9970 709 
8804 8763 
4698 4874 
3032 7189 
119 4166 
3023 2947 
6075 847 

2965 7477 
372 7485 
2139 7538 
8597 9043 
9079 7968 
1599 713 
3279 1371 
3302 5277 
6891 3272 

2338 5695 
8388 7037 
6921 1420 
578 3392 
5586 3601 
6340 8013 
800 5657 
5490 1172 
3143 7630 

5063 1740 
3025 4142 
6060 4625 
1207 9339 
2348 4509 
969 9239 
4134 9659 
4934 2522 
6696 8207 

294 7274 
1600 2232 
7227 4292 
245 8027 
9949 2087 
9200 3092 
9717 4263 
4832 2743 
4757 7244 

7368 5965 
2936 9716 
474 3905 
5308 960 
3564 6594 
3482 6613 
4802 128 
239 2754 
2360 7467 

7046 8957 
1846 3347 
1045 1046 
6440 762 
1661 7624 
9857 6419 
1221 3577 
8736 4157 
3294 9210 

4414 4954 
171 7978 
1548 5 
943 6350 
134 1183 
9104 2494 
5002 2502 
7804 6848 
5850 8849 

7895 8642 
5963 5908 
2618 5821 
8679 3839 
9398 7415 
7996 9044 
2978 2410 
3998 9501 
6741 5547 

9506 7684 
8249 9640 
5219 3706 
8487 221 
2560 6291 
7070 8410 
1492 1317 
3404 7455 
3577 6023 

9628 2257 
9862 9027 
6024 4211 
4423 9002 
6621 8422 
8503 9714 
321 4362 
3751 4922 
354 8970 

4980 8841 
5544 7541 
1484 8966 
5951 9328 
6635 9356 
6784 212 
1731 6412 
8821 7945 
1791 4846 

2156 6215 
200 5130 
989 5056 
4844 7662 
9418 4947 
2584 9772 
3918 7565 
4966 5814 
5106 2802 

4780 7409 
2131 1415 
3117 5267 
7979 4848 
1679 3153 
9146 9823 
7999 1302 
6038 4551 
2784 3379 

9607 3981 
1041 9025 
8928 9977 
5150 9198 
7542 116 
5012 9000 
2918 6144 
6410 5049 
3911 5879 

316 1891 
7080 8348 
5044 6226 
4523 9395 
7528 561 
298 313 
292 9906 
4294 1333 
5283 9574 

7662 433 
8773 5205 
549 3785 
557 9820 
9930 3319 
4869 193 
9199 1538 
8436 6279 
6238 9832 

2505 761 
9227 6385 
7674 9526 
3050 7966 
5784 3696 
5651 1067 
3271 3313 
7853 2044 
4870 4754 

2181 1780 
4574 8463 
5099 5796 
8657 650 
3686 7093 
3281 9924 
6926 5786 
7037 2505 
8524 4711 

8383 7926 
9029 4167 
1623 4680 
1587 1246 
4345 9440 
9642 5568 
546 1823 
7348 5121 
287 8799 

917 5296 
9450 955 
8741 2731 
879 5667 
4870 7916 
4525 9746 
8979 2908 
7672 8008 
3428 9295 

9040 1367 
6893 9737 
807 6535 
5305 1353 
8359 9005 
2826 4998 
7805 95 
294 3607 
1050 5387 

6338 1929 
1055 7560 
6197 1932 
7306 5176 
4840 1331 
9536 4620 
6978 8576 
5987 3872 
8314 3146 

407 9971 
852 5118 
8977 3678 
6468 6782 
3774 6762 
6741 1176 
8502 3079 
9458 9557 
6992 5655 

7841 650 
7184 2681 
1981 6720 
3654 8960 
5297 9641 
2832 9963 
2788 9591 
9934 9992 
4710 8911 

3670 1178 
2045 3796 
4293 8786 
4973 2795 
8218 783 
8704 1562 
6438 6545 
2212 9974 
5578 4194 

6695 9232 
9506 8344 
5226 2338 
4659 4366 
1929 4593 
4358 2991 
9857 4380 
4170 1902 
8177 4815 

7041 9502 
3962 1611 
285 2666 
3173 3075 
5563 5385 
3050 1141 
5931 6097 
6726 5437 
793 1952 

4127 5452 
6318 2409 
45 676 
5400 6254 
5056 5922 
8157 9585 
7089 1550 
5439 1051 
3161 2076 

3717 2686 
5152 5632 
4423 4554 
6774 6707 
651 3500 
2144 1444 
1804 2624 
3248 8122 
5033 3293 

5150 433 
5900 206 
2708 4057 
6144 9797 
1959 1583 
849 1472 
3660 918 
4158 5164 
6551 4933 

9718 9677 
1640 6721 
9529 3785 
8165 1333 
2761 1413 
5807 7794 
1058 957 
4579 6958 
1163 7287 

7367 3659 
7085 5678 
5243 7934 
7150 5255 
5204 7660 
419 1755 
2594 6489 
7784 4234 
3210 7313 

4371 7727 
4998 7132 
5492 805 
1278 6550 
1762 5858 
9861 9278 
3145 3580 
2937 230 
5611 4532 

4516 9113 
6139 9721 
6774 6558 
7828 5720 
9399 1965 
9954 2609 
9278 678 
336 629 
7810 5828 

1434 9089 
8731 9549 
1299 4944 
5179 4444 
4876 4468 
4675 487 
9001 5543 
9601 1492 
1616 6375 

8051 5797 
2095 3802 
7762 8401 
6412 3392 
9079 6748 
4021 3242 
2577 1808 
8683 7660 
7709 9982 

2604 2888 
778 7480 
7356 1805 
4320 2709 
7349 3921 
4202 5317 
6648 8605 
1114 5095 
2407 8876 

9848 8819 
8621 5280 
1920 2642 
4874 849 
802 3557 
8509 8511 
9891 7465 
1399 7021 
4945 8756 

8827 5617 
7817 2528 
9538 2019 
7845 2538 
624 8960 
3985 3032 
4188 3834 
1851 2809 
9114 3771 

5452 3988 
4620 2606 
3897 9481 
1118 140 
6946 8869 
7161 8244 
3977 2340 
3861 1795 
4868 9752 

3814 2714 
8642 4439 
8026 2628 
7471 2214 
2814 5674 
5024 1928 
5798 6828 
2268 6770 
9434 2517 

2604 6904 
9009 9550 
5774 2522 
7794 9751 
4863 8008 
1546 9731 
7760 1713 
8797 2754 
6152 6823 

5382 9975 
9038 8196 
2001 414 
6476 4151 
7242 5096 
922 3028 
7613 3526 
9933 2974 
9428 2059 

5497 3575 
8162 360 
1583 6061 
6443 5695 
7774 1593 
8449 278 
8416 184 
6605 3806 
8380 8606 

572 4857 
2758 4166 
9953 32 
7195 3919 
9910 3480 
6893 5690 
1891 8742 
9265 53 
5454 7200 

6114 8250 
2895 240 
9843 7697 
518 4611 
7881 7123 
4770 2613 
2082 5342 
3822 1192 
9509 128 

7576 6704 
399 3838 
6536 7292 
9528 8427 
2387 5146 
8480 7841 
2346 947 
6091 1594 
7539 5934 

5643 8058 
6898 9876 
1533 1668 
2489 9967 
7010 2664 
7511 6519 
2792 5087 
9575 3191 
5277 2463 

6835 4806 
890 5574 
9952 5723 
3416 8650 
3022 9507 
244 561 
1794 5887 
4971 8692 
2115 2857 

360 4605 
2824 3722 
3621 336 
242 6413 
1775 6169 
5956 7053 
4985 9143 
8211 5875 
4718 8163 

7950 4486 
3165 7324 
3993 3410 
7886 5787 
5649 9209 
831 7765 
2066 1191 
8722 4891 
1266 2343 

1579 1508 
5108 3354 
4029 7416 
6759 9014 
2911 4970 
1242 3981 
3133 5544 
8467 2651 
2869 2461 

6061 7107 
4600 8062 
6316 1784 
2179 8383 
2975 7253 
9626 4241 
5948 1205 
2101 1056 
911 2483 

4824 7671 
7849 7736 
2641 5443 
1717 2127 
988 185 
4778 209 
8998 7191 
7316 9950 
1605 9984 

1734 137 
8367 1062 
7390 4345 
1655 3339 
5550 109 
747 2814 
2592 1924 
485 6793 
9660 9478 

2237 7729 
1605 9577 
4266 6383 
9786 9616 
9926 3454 
9567 1532 
3438 1301 
1669 8158 
8715 5411 

2503 371 
8750 4406 
480 5850 
3572 9424 
7774 4057 
6217 3786 
9887 4806 
7867 1493 
4383 8486 

4228 521 
8102 507 
327 7669 
2039 3766 
5323 60 
8276 390 
5471 7131 
761 574 
7889 7593 

2776 1461 
7017 550 
1870 9587 
688 1758 
4393 4907 
3251 5129 
3393 3831 
2002 1496 
4338 2330 

5517 2729 
2448 7192 
2789 724 
7583 4613 
7855 4696 
5187 5745 
2290 7963 
3558 5659 
4865 5429 

5246 1905 
7187 5992 
6812 6790 
7473 206 
6973 9475 
8054 1312 
1805 3571 
4041 4253 
7116 3183 

1329 4699 
7796 5537 
9395 9335 
7634 1685 
3650 1192 
7345 4867 
6621 8943 
6772 160 
1287 9936 

3302 8760 
6494 276 
4588 4548 
7940 2745 
4472 8333 
6999 1588 
1516 4680 
6287 5664 
217 2034 

1351 7851 
72 5001 
9044 3769 
9868 2017 
2712 2992 
8530 352 
2929 1832 
9112 9423 
8460 3700 

324 6400 
6446 4796 
1086 9797 
6384 8954 
4477 9023 
4619 1047 
1057 5970 
8898 7481 
7324 4294 

1250 7192 
2664 315 
185 7546 
667 3114 
9378 9779 
8889 4191 
9832 9213 
6943 2630 
4009 8029 

2427 6745 
6984 3256 
2120 1603 
655 9530 
3925 5906 
7011 1249 
200 8262 
4794 9216 
8577 1331 

6762 5596 
797 2493 
5375 9686 
6684 1559 
5252 9979 
4189 5613 
8009 2968 
2359 4993 
2577 831 

2948 3232 
361 3225 
9138 7373 
827 5691 
1987 5621 
1259 6916 
6952 8022 
2512 4101 
6867 4239 

3787 9903 
5799 9039 
9882 6340 
4653 7891 
9309 3364 
9236 1886 
4195 8536 
1470 4557 
1762 609 

8282 8941 
2652 269 
4562 3911 
3537 7866 
8285 6049 
8319 5152 
288 2106 
1407 2439 
7498 1290 

8780 8503 
5533 8089 
8219 1122 
6327 2414 
9658 7797 
3323 7772 
4758 7957 
6713 7410 
8226 7627 

7674 8115 
1845 5959 
4164 164 
7464 805 
8623 8871 
3244 6121 
6513 8376 
976 8399 
2817 9195 

5873 5496 
7961 5531 
3294 1285 
9656 4404 
9242 2721 
8167 3821 
6701 5841 
1936 8546 
8152 2453 

5063 1968 
9610 38 
7192 9206 
2511 3705 
7583 3487 
8456 400 
2682 4329 
5897 643 
6213 5543 

8280 2221 
6299 3875 
4942 4466 
4048 1643 
6659 2336 
6542 4812 
1141 1605 
6780 751 
1643 3972 

9958 4154 
4030 3893 
3993 8838 
4293 3027 
3168 6542 
22 5733 
8437 8303 
7954 4737 
8530 2896 

5555 2578 
892 2215 
1266 7434 
3379 2408 
5391 6511 
3159 3386 
6836 3117 
3892 7218 
7010 7885 

6056 7656 
912 5576 
550 934 
1309 5340 
5589 9263 
6429 4119 
2160 8336 
3049 3052 
551 4316 

6838 282 
6724 2229 
6794 6235 
5615 3630 
5705 9507 
848 2715 
3744 6904 
6723 4656 
8833 3626 

1942 142 
5318 7532 
9406 1747 
8003 7918 
83 1053 
7322 6987 
1721 4160 
7269 4797 
2741 4063 

1032 4708 
4045 6737 
4215 1245 
5805 4311 
8150 8880 
8967 3335 
2506 909 
3477 4176 
4793 2883 

2275 2797 
7153 2359 
202 827 
5698 1923 
1339 2967 
3072 4080 
3383 4104 
5140 3780 
7194 9355 

5026 9351 
3666 9528 
8231 8985 
2863 7090 
6247 6340 
1266 1040 
5576 3542 
189 9081 
2253 391 

9909 7951 
8666 1248 
7270 8090 
1681 7005 
8547 6821 
786 5741 
2529 5812 
5092 2547 
1692 9675 

7885 4555 
6765 4132 
895 4384 
1524 2823 
4278 8066 
1905 6531 
4809 8166 
834 9828 
9414 4456 

7918 7447 
7814 6465 
621 4952 
8558 9502 
7116 2 
2049 8808 
9678 6286 
3363 2795 
6770 610 

7179 8295 
9786 7809 
6361 1691 
692 7522 
9857 7878 
7350 5623 
2335 5269 
9423 6501 
8086 44 

1453 6645 
9546 8569 
6647 7947 
7377 6325 
586 7092 
9121 7356 
7702 2652 
5651 7488 
6814 8364 

5531 7506 
5887 5388 
5385 9589 
7364 4072 
4858 6787 
573 2945 
3183 2026 
5942 9081 
595 2589 

7028 7972 
8915 7614 
5064 4388 
1323 9118 
3392 3326 
2959 206 
1691 8490 
7713 3930 
231 9450 

9871 7595 
3522 4730 
734 4095 
4027 3917 
2473 9969 
2998 3068 
2558 6378 
7392 7825 
345 8808 

8565 1668 
4278 8310 
4994 7237 
8516 3037 
5728 2581 
3319 5959 
2031 3191 
9906 1905 
4273 640 

2352 8300 
909 4825 
4621 3907 
7893 3531 
6637 1637 
7709 6982 
6797 6274 
5002 1076 
4584 9997 

8313 9453 
9386 393 
8386 2706 
2704 6770 
2249 2610 
8675 6522 
9602 1028 
1174 511 
5853 5795 

770 99 
5678 7408 
8088 3387 
742 4886 
6014 5745 
5962 598 
2094 4275 
6403 7832 
1021 1142 

538 3725 
7912 9139 
6336 6587 
5661 2290 
3967 3187 
2802 6173 
5334 9924 
6272 1013 
3684 4360 

4400 4427 
5598 414 
6524 1560 
7365 4970 
2188 120 
2802 3209 
1262 9693 
6934 9174 
8832 9622 

2114 846 
1913 2433 
4033 1067 
8606 9368 
991 1230 
381 4676 
1943 1133 
9103 7541 
1548 1979 

9102 5265 
3301 7642 
5385 6103 
851 3000 
2148 4137 
2174 981 
3760 640 
8179 5673 
3074 2212 

6740 1680 
1580 4083 
9263 8313 
8759 1206 
9447 4214 
8747 7347 
2545 4201 
2612 5846 
1843 4349 

8302 2694 
7349 450 
6832 5876 
7783 6944 
6516 5962 
8969 5942 
4527 2061 
7623 6107 
6144 3238 

773 4904 
4444 220 
9118 3191 
7567 1664 
7393 6531 
3862 5588 
880 2164 
8283 8230 
8967 1467 

4106 3102 
8411 6974 
9065 7380 
2917 9944 
9441 6892 
6051 1937 
130 3176 
6841 4574 
3396 2312 

4117 7315 
328 7862 
3846 4190 
3451 4727 
2707 8086 
9309 1674 
9553 9767 
4776 4316 
3093 193 

8048 6010 
137 3841 
9254 2541 
5778 9384 
5717 2620 
310 5466 
1284 4428 
2781 1612 
8642 6628 

2154 2093 
7707 4861 
179 3368 
2887 6084 
9487 7664 
400 2580 
4209 8448 
8591 4347 
2289 7845 

3240 8068 
3582 8957 
7040 3892 
4423 8324 
4672 3557 
6288 3315 
6537 8442 
1760 4244 
9656 1940 

3964 2543 
4376 3451 
6559 4777 
6031 769 
9577 974 
1468 1867 
5172 4708 
6287 5106 
17 3327 

5350 793 
8003 23 
4350 643 
9690 7239 
5437 1450 
1483 5093 
9742 1799 
3989 4119 
5250 548 

5248 7633 
7669 4825 
4960 9137 
6692 6484 
197 2979 
7942 6567 
2658 3292 
7360 7013 
3315 8062 

7656 3005 
5301 3094 
4456 3136 
8187 550 
4935 2176 
4669 6537 
9077 9917 
522 6746 
4743 1834 

2236 7787 
8318 8785 
7119 6260 
5352 9777 
9553 2712 
6791 9220 
7126 799 
8578 2427 
3893 3034 

1915 8433 
9936 6850 
6961 4606 
9739 6038 
875 262 
9137 1970 
8448 7725 
6110 6767 
6510 3229 

9379 1863 
3006 5284 
927 6149 
857 8054 
6949 9435 
6833 7194 
8821 8749 
5627 8757 
1951 2589 

9715 8043 
4979 6943 
4657 4116 
8913 3105 
1841 5023 
6224 8352 
8252 1956 
6567 7611 
3592 7494 

112 4449 
1900 3413 
3884 8734 
608 2705 
3835 2587 
7815 2138 
5176 7530 
6533 156 
4473 1190 

624 9739 
648 8818 
1114 6872 
7170 5719 
8828 89 
9682 8773 
7583 9794 
3222 5836 
9560 3459 

4570 6520 
2516 4757 
9107 331 
3247 4284 
4214 9781 
792 5039 
971 7768 
4778 1619 
6586 5893 

4844 108 
7964 24 
197 7646 
8797 4133 
3792 2020 
9969 3352 
1831 4539 
9872 4347 
5648 8980 

4679 8895 
9616 5245 
8676 6760 
284 6000 
4528 5063 
3971 1115 
7308 8815 
1223 1624 
8840 1421 

9270 7637 
1906 3062 
6009 1875 
6415 7840 
2766 2639 
2188 8414 
1619 3219 
3661 7587 
8464 8690 

4347 8748 
4690 8876 
163 5013 
6343 3823 
3829 7566 
5447 9021 
5339 1069 
3010 7245 
4132 9020 

5472 6899 
3212 8238 
9538 1752 
3004 7510 
1323 6666 
5097 9787 
1708 5797 
4888 2750 
1025 1403 

7763 7368 
1579 7944 
1286 3378 
6965 6626 
4448 9976 
223 4932 
5348 2048 
1831 4912 
286 7721 

6665 9643 
5231 7988 
2661 6681 
4128 4369 
2478 5368 
7119 3503 
3123 4882 
7223 1054 
2827 8509 

4433 6144 
1487 5233 
2472 1711 
6517 7820 
3759 8348 
2733 397 
2421 5750 
40 4005 
90 2701 

686 570 
3422 9516 
2290 541 
9371 5414 
1776 6594 
2820 955 
5103 7253 
7099 6591 
8838 9572 

4654 5355 
3744 4765 
55 2829 
1514 2477 
8579 1555 
6482 5022 
608 3520 
5592 4031 
3036 4235 

924 8759 
6001 2700 
5353 8821 
7 6808 
2427 3459 
9751 1265 
3031 757 
2973 3127 
5522 3028 

5957 7037 
1857 888 
4944 4691 
2262 1904 
8211 4207 
2287 7599 
8442 3212 
2710 4443 
2264 8063 

3264 2272 
1224 2043 
5731 7327 
9661 5114 
8085 2634 
4593 3607 
2014 6902 
6996 224 
7791 8292 

4915 6405 
197 9479 
612 2484 
3430 9054 
2048 6141 
9849 4313 
556 9466 
2937 1780 
1509 5020 

9108 1170 
6486 7193 
3804 1079 
7152 2171 
4334 501 
2395 2125 
8793 3662 
4882 5342 
3141 5495 

4179 6572 
901 6227 
2713 751 
6892 9621 
217 9829 
1402 1726 
1201 6862 
9249 7687 
407 9405 

5119 3911 
1576 9453 
4412 323 
7930 9558 
3986 2812 
4900 3479 
4659 9079 
6403 5561 
1659 5468 

2664 8551 
5090 2881 
8381 6492 
959 9582 
9706 6560 
3622 113 
5966 5093 
376 3894 
4546 4789 

4218 8828 
699 4556 
1640 5599 
8035 2652 
1031 4439 
8213 2690 
9907 877 
1241 4997 
110 5974 

7841 7421 
1909 7547 
3982 1883 
4012 6300 
6976 4389 
194 1522 
5530 764 
350 6229 
5320 8342 

8180 9708 
994 5563 
499 5559 
8253 6758 
2788 5847 
8108 9250 
8173 5949 
6672 82 
9849 7006 

1965 213 
3306 5293 
954 9852 
3167 2836 
617 9869 
9065 5937 
8212 3598 
1997 5558 
9161 2496 

7470 3767 
5607 258 
5966 3715 
9509 4139 
6016 2533 
574 2217 
9539 8891 
2431 9197 
4185 9737 

9049 7352 
2574 9666 
7222 7991 
1956 1786 
1589 3953 
3696 7103 
2802 7518 
7222 8409 
7777 3188 

2124 3638 
3679 4492 
6171 605 
6710 2062 
9497 9141 
1259 34 
8878 308 
3738 7804 
9975 7312 

5796 8283 
5450 7385 
2236 5499 
840 1390 
3017 8062 
6151 794 
7602 8275 
784 7634 
2768 3307 

8239 5830 
5369 4088 
4971 6628 
474 201 
6937 565 
4358 3264 
7877 154 
1547 9680 
3891 135 

5179 4732 
1526 8196 
2794 7677 
5343 6749 
2305 2479 
4383 1425 
5787 8974 
7255 1156 
3063 8578 

7785 3537 
5131 1074 
454 9489 
4338 8332 
9643 5885 
4364 3535 
6020 9543 
4619 3898 
4091 3765 

7928 5786 
514 233 
8266 4897 
8010 4053 
224 5265 
5209 3287 
195 2994 
3176 5326 
420 3631 

1168 4758 
8315 811 
6995 2679 
698 9368 
8574 5317 
3266 2665 
9083 1194 
8452 5949 
7779 6718 

7199 2141 
771 7423 
3758 2332 
710 3953 
1679 238 
5632 2099 
221 6800 
3210 8536 
3963 205 

7567 4662 
9573 6141 
6331 9192 
8807 1766 
6738 3611 
7716 4518 
329 4915 
6659 7452 
8690 6770 

6136 9400 
723 7815 
5990 6355 
6267 6212 
9507 9477 
4748 3471 
9682 2316 
4485 9256 
8457 7168 

4800 3616 
5287 1538 
7227 3003 
2408 3908 
4270 5420 
7712 2960 
2190 201 
8712 2913 
8016 1054 

5621 4283 
7266 1480 
3760 8367 
4951 9795 
683 5788 
5403 5492 
9309 203 
5461 4596 
1741 9040 

3951 4150 
9301 4573 
9570 3365 
3885 1760 
3566 8949 
1025 7935 
3 2998 
2218 7270 
4479 2331 

5637 5782 
8478 2672 
7923 3881 
4516 7232 
4084 6329 
8180 2177 
5370 2131 
2679 1023 
3056 8601 

4388 6941 
6713 7955 
5890 7739 
2242 5893 
7089 812 
9515 1568 
9495 5152 
7351 7973 
4176 1626 

1854 8693 
8858 2290 
5022 3390 
820 6744 
1873 3499 
7767 4929 
2101 2156 
1870 8814 
6463 4112 

2905 5057 
6357 9995 
5869 5873 
7915 5365 
7377 5266 
3338 1554 
3244 1545 
6599 2102 
187 7973 

1844 1007 
4718 3717 
4507 8837 
8646 2960 
7345 6868 
8126 160 
7332 1032 
5217 3690 
7379 1087 

5915 5294 
2804 3292 
6913 6142 
1198 157 
4039 4149 
8612 4227 
2123 456 
5234 3193 
4174 6093 

2030 9172 
9053 9376 
6041 3532 
9536 9725 
4564 4754 
3415 8295 
2193 9330 
3589 4997 
8975 6854 

