7701 7477 
5961 6460 
9677 8075 
7199 1359 
6969 909 
311 3271 
6241 5167 
2158 9337 
1706 9733 

2640 1172 
8738 2941 
876 5220 
919 8567 
7818 6739 
9173 8873 
8483 3226 
2703 4444 
6039 2380 

8871 3238 
91 5841 
4147 6754 
5464 6740 
8273 7622 
2429 9980 
3708 5070 
1152 2446 
8011 8380 

4019 5283 
6947 8189 
8374 2472 
3414 6857 
2051 6117 
1301 8090 
4850 173 
7680 1293 
2366 8180 

8048 7830 
4920 6321 
1805 7350 
2653 5513 
8772 158 
4311 3135 
8538 4682 
8418 1838 
9223 3145 

4310 2638 
2 6361 
5107 1304 
803 6309 
7829 8484 
7603 195 
6664 2003 
4377 7936 
4676 6182 

1638 7330 
8047 410 
7488 8711 
3546 2378 
9745 8316 
4216 8969 
1461 8527 
7959 7816 
1240 3066 

9120 8396 
9376 3301 
6880 3331 
9848 9896 
5334 4225 
7832 10 
6760 9471 
3692 1159 
6233 1180 

9870 6131 
3559 5968 
800 7775 
4937 8613 
2654 9248 
6429 247 
2314 1901 
8643 8042 
5202 5523 

1373 5050 
5419 3059 
5628 9603 
3070 2388 
5426 3114 
3547 1660 
4295 9770 
7791 4206 
5738 4943 

8333 7027 
3557 7340 
6275 9986 
7587 4941 
1888 2582 
9336 3442 
8105 7061 
4845 9876 
121 473 

5831 9543 
9213 1258 
2657 9112 
2918 3304 
5234 7061 
3862 7324 
2005 8548 
4351 5562 
2240 6978 

1900 9827 
8272 140 
2409 7608 
9935 6866 
1021 4780 
3094 7494 
1605 5277 
3389 818 
6535 2399 

6282 5805 
5703 1517 
9219 5918 
8841 1224 
818 9545 
3138 3058 
2875 1390 
9237 1147 
1531 1646 

5107 1466 
4864 2481 
2598 4310 
9975 4203 
9587 3365 
1373 2475 
5764 7655 
8280 7819 
5524 7499 

89 718 
5075 907 
6615 4565 
3965 9490 
5956 3202 
6990 3839 
1200 8449 
1657 2416 
930 4255 

6726 906 
4810 2666 
623 6183 
1493 6387 
190 9773 
558 2067 
3625 648 
2785 5052 
1555 5752 

9618 5521 
1594 1926 
5075 8584 
5765 6276 
3386 3774 
8692 4316 
8029 1771 
1574 9191 
789 8549 

1726 2282 
4936 8268 
8407 1847 
335 8384 
2495 9472 
3437 4050 
5224 3055 
5923 6819 
1333 999 

1755 7098 
3627 1493 
872 8671 
5810 5253 
6794 3736 
796 3935 
2286 2522 
6217 3574 
790 977 

5421 7478 
9361 4268 
3302 9150 
8319 8527 
2205 594 
1698 3538 
7945 9805 
6988 1572 
1299 4212 

6596 3461 
5817 3390 
7197 6613 
7326 5835 
5487 9895 
5762 6278 
7224 7535 
108 6586 
1804 3410 

5736 6475 
8289 4294 
3421 9987 
4184 1367 
6145 7525 
9291 7444 
1737 5887 
905 3907 
5630 4454 

520 9308 
6642 6008 
5555 8756 
8638 2780 
6291 8746 
5718 4447 
8508 7806 
7274 6798 
8452 696 

3137 2637 
8415 9282 
6514 7706 
3078 4603 
9946 335 
8510 5576 
1142 9031 
1236 4136 
1391 6791 

2892 29 
9571 5535 
5127 5289 
6335 3635 
3096 3609 
6785 1548 
657 9923 
537 9072 
5557 7051 

3131 8636 
1655 3077 
5323 6517 
5005 6465 
5548 6241 
6953 3291 
3032 9845 
3320 2604 
1733 4799 

4245 8068 
4787 7341 
1677 1572 
5242 8687 
7847 5779 
7759 3405 
9183 7242 
8393 7190 
319 68 

3707 1676 
2886 9256 
7917 9839 
2547 950 
9685 2220 
9906 1418 
3371 4151 
5838 8158 
7845 7515 

9731 3087 
2554 7578 
5218 6666 
7335 4401 
3908 2080 
7943 580 
2149 1651 
2256 5035 
7259 174 

4874 6158 
7476 911 
8378 3734 
2329 1750 
4237 8167 
6260 2082 
2035 5991 
1521 941 
9922 3092 

7607 3609 
3845 1516 
5690 1789 
2096 7839 
3440 704 
9226 699 
7230 4100 
3209 4706 
5012 7940 

4792 3693 
6042 9030 
8213 2302 
7464 6600 
4646 5338 
7541 4568 
8430 5149 
8177 2275 
3017 3867 

4064 1465 
8058 3856 
2169 7284 
907 9400 
7737 4117 
458 2749 
2057 1603 
2794 4451 
633 1007 

6753 4449 
3959 1399 
9787 1501 
2319 8217 
3002 497 
6845 6019 
716 7261 
3836 5127 
1118 2357 

2411 8377 
1757 148 
8846 8568 
9249 903 
171 2044 
1706 7156 
9403 8460 
1605 3363 
9859 7745 

1216 2179 
5962 4218 
9028 9159 
6589 6096 
6421 425 
1223 3891 
2782 9987 
2268 892 
6487 1115 

5812 2089 
8370 2335 
4133 77 
9491 9888 
8537 7448 
3251 4748 
5193 4467 
3279 7508 
5037 8659 

6667 1626 
4756 9440 
8403 2331 
3331 7538 
2318 5600 
4782 5158 
6715 594 
7247 1437 
9281 7732 

1514 8772 
7620 6403 
2572 7224 
7504 7766 
8043 7135 
1626 3081 
5795 4645 
1059 6903 
4086 9463 

9234 7417 
3353 7905 
9369 8135 
3063 2436 
5081 6662 
3874 4362 
4394 1740 
9486 2014 
8144 2058 

9238 2000 
6176 7282 
9135 7802 
6715 4930 
2448 7774 
8185 2886 
7237 7420 
303 6942 
1677 6025 

1429 1092 
8461 2862 
7754 8687 
7224 2148 
428 3062 
514 4924 
5121 9753 
6924 1297 
3387 6059 

5452 102 
7342 4252 
4228 5527 
7138 7818 
9299 3793 
4760 976 
9818 6190 
2068 4632 
9052 9822 

3319 2629 
8322 3747 
5691 8837 
8671 7164 
4942 5595 
4814 8329 
8007 266 
4783 5349 
4518 9011 

876 8008 
6829 176 
1801 7942 
7504 7972 
4132 5925 
2604 9536 
2099 5923 
8517 422 
6023 4209 

9259 1046 
7725 553 
6642 2539 
5234 1001 
9157 17 
6350 27 
5380 3578 
8035 8562 
106 6189 

6504 7611 
4161 6988 
3536 3117 
2876 5635 
9040 1394 
2409 1415 
1955 8020 
2462 9680 
8573 5456 

2220 3807 
6457 7729 
176 9159 
7757 1909 
2737 5792 
471 2844 
8333 3327 
6807 2494 
6667 343 

5611 9543 
2330 1004 
937 4740 
2419 2892 
2760 1233 
8925 7686 
6689 7497 
1493 9498 
5226 1670 

8657 2983 
9931 1395 
5128 402 
591 3461 
81 7398 
2308 6748 
4093 4271 
6291 6423 
5275 3581 

7515 4047 
6473 6628 
5280 1750 
4314 8322 
9247 5807 
4172 4474 
3829 2830 
3809 3760 
577 5289 

514 1168 
8751 595 
4918 1059 
7343 9011 
5330 9987 
1786 6958 
3568 5654 
7357 41 
2282 8989 

8144 6596 
7311 7391 
8755 1484 
8217 8937 
666 8379 
9049 1243 
3668 9564 
8763 2419 
6511 33 

9830 207 
5396 1513 
194 3534 
4823 3762 
9188 2180 
155 1470 
1169 8299 
4418 4833 
2043 9526 

2669 260 
8463 3335 
8639 7512 
930 8660 
3428 6045 
1079 6292 
6078 7262 
6499 7826 
5127 6693 

1360 9950 
455 549 
8482 610 
8371 9651 
5262 9142 
836 7305 
8668 3505 
3917 3483 
3192 2557 

995 474 
1217 776 
2871 8648 
7068 5301 
2262 3567 
3127 7389 
6612 840 
3691 7067 
7741 2173 

4029 6112 
8177 9291 
1606 9013 
2948 6626 
8871 6866 
109 8415 
5775 7457 
5242 6992 
8233 8113 

1992 1653 
3415 607 
5220 2894 
7996 1832 
3734 1688 
5251 1475 
213 9280 
3940 8390 
4924 5546 

7404 7872 
2173 6275 
4738 2282 
1042 513 
9739 6284 
3857 4324 
4398 2202 
5977 4165 
2809 7549 

7059 7157 
9381 794 
5197 984 
2269 5411 
6617 6209 
3801 1541 
8108 1205 
9413 281 
3832 504 

8915 4875 
7369 5007 
7511 1227 
9331 8261 
9781 1661 
2426 2590 
9210 9486 
9747 4944 
6632 4945 

5928 5253 
6708 2545 
7815 509 
438 5923 
1715 6204 
2556 1899 
6708 7823 
3126 429 
2830 638 

8008 8514 
8899 7789 
175 7678 
6731 5737 
3516 2831 
681 148 
4128 2962 
5401 836 
1859 9568 

1345 2298 
5491 9412 
4854 4399 
1312 7914 
2223 790 
8343 5053 
1428 6352 
9919 6680 
4141 6446 

4358 7225 
2184 7874 
56 9217 
4374 4184 
2179 6127 
5020 391 
5696 2717 
9041 7539 
2130 3895 

1939 9794 
1809 514 
584 6504 
1919 2013 
2856 1839 
5045 3350 
8285 5755 
575 6821 
3629 631 

6039 4355 
1167 4570 
482 6187 
1313 2530 
8904 354 
70 7386 
601 8361 
7180 2410 
5227 7765 

5267 7146 
6130 8123 
5337 1175 
1473 9975 
6930 8400 
3148 6911 
9031 9187 
1266 198 
110 8100 

2737 1423 
631 7994 
8130 7053 
5380 8731 
1766 2561 
7494 6993 
326 2761 
491 2808 
884 2181 

3983 8710 
8508 913 
7110 1656 
7824 2494 
844 5442 
9044 7306 
3542 8134 
8729 525 
6128 3211 

7578 7860 
1943 9344 
6773 9437 
2689 3451 
2198 9533 
6259 9434 
1714 242 
4496 6574 
7507 7959 

8230 1683 
6805 5426 
7125 5849 
2732 668 
335 7814 
1193 2815 
1025 5124 
676 9320 
820 7449 

8757 9862 
901 7307 
9395 7160 
3094 7461 
3755 7590 
4035 1262 
5549 8617 
2946 2354 
4044 6423 

4556 6776 
3443 1243 
942 4637 
4059 1968 
6113 4735 
1288 6933 
8536 6398 
6795 9437 
3705 2542 

2950 3151 
6355 3057 
742 6742 
4319 2643 
5360 3617 
1350 9404 
41 2258 
6180 3484 
3501 3475 

4473 7560 
5443 586 
2295 3083 
3872 832 
5833 7019 
6621 5891 
5914 5923 
9042 2269 
8980 9784 

9012 9652 
8780 4372 
3269 130 
3776 3310 
2388 6308 
3147 5889 
9783 3972 
3450 1578 
911 2097 

1014 4783 
9281 6847 
8154 5903 
2738 4068 
1826 1781 
6338 807 
7917 1702 
459 6697 
6074 80 

3179 6202 
9743 5567 
8862 2890 
7809 4998 
3214 7611 
6576 4125 
9708 3942 
8908 8990 
790 3415 

1245 9880 
7483 3071 
8013 173 
230 5931 
1875 7041 
8980 4301 
3474 2160 
503 3217 
4079 5718 

2459 8240 
716 5673 
5851 3644 
9799 1912 
7587 5059 
7254 8377 
8474 8499 
4609 5958 
7922 2623 

6131 4505 
4906 4359 
7898 3886 
8660 1372 
2398 9164 
4589 2830 
1234 7048 
7422 1950 
9074 9626 

5594 8873 
1538 3181 
284 5144 
7910 8759 
3643 2520 
1069 7917 
1495 3552 
2422 6401 
7911 6673 

6639 6572 
8045 5390 
2088 2635 
8220 3322 
6035 5642 
5272 1461 
1620 7218 
334 3158 
400 619 

8302 4662 
5730 8297 
7182 6799 
6215 5029 
351 4989 
1430 8263 
1662 8070 
1187 9708 
3460 3275 

8695 8032 
2949 1082 
26 4573 
2544 1647 
1791 9230 
1157 8543 
6201 9460 
3206 1931 
4109 6740 

5082 6676 
1770 5434 
1666 3200 
49 9680 
7622 1236 
5740 7434 
863 787 
1818 3812 
8222 1845 

8385 766 
9844 6528 
6348 1001 
5072 2550 
6813 8278 
833 923 
1370 5916 
7599 3140 
1350 5617 

2693 7751 
1650 6667 
8987 7390 
4102 9850 
4530 5920 
14 2752 
4117 4751 
9870 3961 
1279 6218 

4963 6351 
5120 8128 
981 5954 
9051 2352 
8222 3003 
1844 5924 
4972 4537 
3675 2974 
1205 2662 

6717 1659 
8864 1247 
3931 8878 
3999 8049 
3629 221 
8362 4908 
6439 3325 
7612 7912 
7806 4945 

218 3209 
7297 8440 
2564 5494 
4364 7537 
31 4391 
6863 7588 
7053 3580 
5599 5917 
4827 9531 

1147 5178 
3932 4776 
5399 2294 
6036 8191 
1972 0 
6103 9778 
4946 6321 
2987 8595 
1113 5552 

4089 1829 
9441 473 
6220 6304 
4413 9625 
9885 13 
5542 1064 
5896 3041 
2595 9828 
4169 4346 

2122 6557 
8889 4094 
6558 1344 
224 7856 
7665 3212 
6451 5130 
8764 6893 
6959 4557 
7366 3179 

861 1779 
2804 7098 
8144 4698 
4515 4040 
4091 3462 
3868 8260 
7808 2343 
4818 3050 
2789 1376 

4394 3014 
9232 8412 
6226 2035 
3542 1342 
5280 502 
5899 2646 
33 3112 
778 9190 
6563 5274 

240 1078 
9315 4332 
892 9535 
2592 8700 
8230 3762 
8102 1020 
5138 2497 
4034 722 
909 6612 

9110 4451 
7954 4390 
1305 205 
3389 7691 
9669 519 
6881 6232 
5793 7121 
3662 1460 
7805 4554 

7348 398 
9607 5578 
512 7709 
6598 2003 
206 6984 
9077 7467 
3596 8187 
1919 7902 
8930 9576 

4459 8671 
7267 481 
9190 500 
3065 1335 
3974 6728 
9148 1779 
7634 6496 
8529 3593 
8426 9042 

7655 5025 
1045 4213 
8361 6474 
1681 1958 
4662 9952 
6212 9944 
5880 7024 
8615 3148 
7505 4157 

0 570 
1844 3974 
3650 992 
2106 7637 
3840 6987 
1230 2267 
2381 5237 
3644 9778 
9451 2005 

6253 7484 
315 7267 
7436 2880 
7211 3316 
9904 2178 
2816 7409 
2687 9169 
4331 4531 
3143 7982 

1876 1601 
5619 5716 
8589 3201 
4335 970 
8439 7979 
7101 4242 
6337 3354 
1726 6652 
621 9162 

9532 7832 
8830 5788 
6362 7999 
3197 9049 
7168 3881 
3580 6663 
1863 1808 
8265 3834 
3877 3206 

7035 8212 
528 1826 
2544 7629 
6068 8881 
983 7794 
5533 1604 
3308 1418 
5788 8491 
7206 8502 

6490 6756 
7551 10 
637 7484 
6673 8852 
9292 1290 
9038 3169 
4496 2425 
7734 1377 
4252 278 

5358 320 
9159 6342 
4467 1044 
4298 7775 
8814 6439 
6266 6021 
4941 9108 
9129 8845 
9118 6118 

6329 5792 
4970 5621 
3434 4008 
5143 4283 
6433 2877 
5660 7037 
9507 1018 
3710 8666 
3712 8177 

6062 4363 
2304 4877 
7154 8571 
898 2095 
4031 6379 
940 3150 
2497 3621 
5294 3819 
5595 8728 

4179 738 
3011 6964 
9967 5023 
4002 9474 
2394 7712 
4492 6106 
2241 554 
6821 4545 
5431 3975 

9468 2681 
2423 3500 
9060 9715 
3002 1557 
3337 8296 
1728 8932 
3376 5907 
6022 2740 
2872 2341 

4115 6874 
8167 6509 
938 2659 
8968 3179 
3213 5789 
7724 4997 
9765 7193 
7678 8540 
7045 6739 

8255 47 
4648 7944 
4695 6377 
6876 4423 
2284 9250 
3515 1508 
1591 7631 
4734 9758 
4140 5672 

8769 3108 
5203 1983 
8898 9280 
3332 5015 
2825 1010 
3555 9870 
4101 8162 
6269 8750 
6107 964 

1479 9335 
1739 115 
8586 5255 
1624 6529 
2886 2710 
2640 7026 
8383 1409 
6487 9938 
9744 5385 

9218 3076 
6752 2043 
439 6659 
1913 4540 
4821 4534 
9642 928 
1850 1121 
264 3590 
7589 5202 

8845 9213 
1731 8083 
1923 723 
1461 6658 
8485 7948 
2949 8229 
9685 2167 
7658 2789 
563 8097 

9448 8828 
2637 4270 
3363 2280 
1550 5213 
9753 1814 
8803 7342 
7016 4000 
2907 5100 
8435 1183 

2175 9897 
4193 660 
4197 7142 
8890 3883 
5662 2900 
6672 6225 
997 6121 
1405 9986 
6743 4768 

8618 8293 
6334 4724 
6460 1489 
2066 9828 
5490 1326 
4928 277 
2509 7104 
174 6702 
4116 4372 

197 9358 
4607 5859 
2258 1279 
8436 9607 
3752 9841 
5946 495 
962 916 
5141 7296 
5640 1601 

8785 4059 
1429 627 
5385 2710 
905 7894 
6166 7431 
948 282 
8155 1145 
9641 2762 
3356 8251 

394 1792 
7859 4146 
7986 157 
994 8948 
1073 6135 
6244 6714 
4088 1381 
773 1869 
2009 6158 

4579 9266 
404 7097 
3049 7704 
7380 1205 
5202 3373 
3967 4910 
7976 4361 
3055 5835 
8508 1041 

2344 5854 
6341 3418 
8341 8937 
6484 8781 
318 7257 
650 8679 
9767 5230 
4297 6523 
2327 7347 

579 6059 
8552 5781 
5784 2519 
692 3761 
3233 99 
5948 8093 
1140 8293 
3947 3833 
8063 8640 

2770 4547 
7421 9440 
1804 8071 
8120 7923 
9653 8769 
798 8333 
6116 1377 
744 1020 
7159 6529 

9892 4203 
6642 3125 
654 2590 
1218 1794 
7235 1517 
5627 5298 
157 4749 
6197 7578 
4189 4353 

2001 8661 
2276 1655 
7431 3074 
9988 9899 
804 732 
7272 7963 
3613 7164 
8518 255 
289 9172 

9198 7859 
7318 2785 
9376 9297 
4436 9533 
4046 633 
3463 4587 
4987 5464 
9601 3615 
3471 7032 

3042 3459 
3283 3846 
544 555 
8161 4157 
4071 3031 
765 4360 
2203 6315 
2219 5873 
9100 7947 

1522 3536 
7480 1920 
522 7295 
6507 1861 
9112 6108 
5476 2583 
9492 8518 
6043 9128 
2364 2939 

6035 525 
7096 107 
3556 4213 
819 2111 
528 3039 
4336 5981 
986 5858 
9517 4819 
7778 6391 

8466 638 
8252 7578 
6746 3729 
162 2591 
8599 2557 
1719 964 
5496 7754 
7841 8944 
4213 7750 

3158 5033 
6213 38 
8072 550 
6019 5410 
2760 5537 
6581 539 
8280 5048 
7529 6533 
8978 4275 

262 9140 
3218 5213 
1697 4937 
6177 7193 
9044 371 
6138 3257 
4473 5648 
8290 686 
5686 2714 

7588 1706 
4477 349 
3595 7410 
7240 1875 
8810 4769 
8408 7789 
5396 5022 
3281 4967 
236 4979 

6256 2765 
8524 5300 
9488 1014 
4910 313 
6662 9552 
7352 2349 
8619 4940 
407 3096 
1641 4002 

6858 5233 
2229 5669 
6354 6990 
3458 8103 
8364 6739 
3070 4952 
8070 9326 
4070 6595 
979 3558 

3961 2241 
224 624 
1793 7576 
9325 412 
8868 6084 
9860 6862 
86 6719 
2095 8667 
2388 4802 

5657 2198 
2905 4022 
5289 2327 
8974 9712 
8005 9396 
2659 8984 
9307 6620 
1225 9531 
3596 9371 

7107 2921 
6135 5975 
9005 5996 
2837 5443 
9067 1285 
463 7807 
6087 6120 
5 5344 
6494 1646 

4023 1821 
1358 2028 
1217 4017 
7365 524 
638 4942 
55 4234 
665 3514 
3508 6801 
9490 8865 

2797 8679 
661 8216 
6316 1124 
6023 8755 
7244 6028 
4099 91 
4026 4474 
1912 5385 
2855 9481 

9402 220 
6 6392 
1514 6413 
6979 2180 
9928 487 
8981 5770 
5704 8130 
801 6365 
6346 7118 

7489 2369 
5873 1086 
4749 6325 
1177 8775 
799 9441 
512 3654 
8922 9915 
226 5280 
2659 1741 

1694 9638 
3921 7974 
125 9254 
96 5830 
7384 897 
8547 82 
4367 2389 
8803 6593 
3475 9904 

2918 1004 
8679 69 
6797 5544 
76 5719 
5459 302 
7352 8118 
8395 9046 
4109 8668 
3372 4234 

4274 3468 
6416 8010 
717 1316 
8092 1437 
3705 3247 
8030 3532 
3151 7300 
888 8183 
3721 7685 

3727 3797 
9756 5538 
452 7108 
8 5199 
2506 4117 
3868 5878 
8352 8142 
5698 1120 
6153 2768 

8788 597 
557 2493 
3845 4939 
6025 3348 
2239 6913 
1531 5960 
950 1610 
6110 707 
7148 6562 

7815 7157 
1761 6674 
1274 1981 
8904 5978 
6476 955 
3451 2629 
75 2239 
9578 632 
4733 9775 

5571 7110 
9476 7810 
376 1007 
122 1326 
8970 6232 
8385 6118 
2794 2553 
3275 908 
9227 902 

2889 8131 
6880 9365 
9086 331 
8346 5513 
8923 4277 
6145 8 
404 1716 
7118 9880 
5878 3846 

7240 2353 
1525 6210 
8585 9910 
2328 7732 
2463 1956 
4992 8042 
2858 7881 
6174 6090 
3599 1612 

2774 8297 
3478 1697 
2574 9623 
1705 2979 
7692 5175 
2859 9922 
9022 99 
2275 547 
2661 7213 

6809 4990 
1297 9273 
3298 6289 
3667 2508 
522 6193 
4950 4121 
4158 7724 
8771 7636 
5773 1345 

7259 3830 
676 4951 
5358 9888 
1226 732 
6339 3501 
7631 9001 
7066 4440 
3991 8363 
65 3641 

4652 3733 
6149 5175 
9926 1099 
5648 436 
5176 4419 
8072 7301 
2117 5332 
7484 2793 
6635 2842 

9033 7861 
3574 5373 
7715 7557 
4374 4781 
1997 4717 
3145 8415 
8358 4149 
8500 859 
5676 4778 

1958 1325 
5215 3486 
2096 3287 
788 4213 
4971 8272 
3359 1607 
7466 2392 
5820 7392 
4117 3535 

4949 8491 
4669 3298 
3208 7814 
8065 7918 
8315 6565 
8777 3992 
1344 7088 
1669 2911 
574 3765 

6198 1362 
4331 7522 
5986 4042 
9129 3452 
2786 1301 
7196 6904 
1189 2145 
5395 5858 
1796 4956 

24 9861 
2874 8339 
2779 8004 
2331 475 
5092 352 
3386 5666 
470 5936 
3381 4801 
3458 5719 

5195 8939 
5524 7981 
241 2720 
1237 1430 
1218 2985 
3640 3014 
7941 3664 
9227 7167 
8355 2006 

5171 7039 
8833 263 
7391 2219 
2282 7861 
4508 5663 
9014 4318 
1382 4209 
3258 6906 
8543 9851 

5979 9780 
7633 7197 
2765 1273 
6563 7058 
4937 5790 
4226 3292 
4149 5749 
331 9334 
2365 7723 

7906 4647 
1936 2414 
6662 951 
6732 4396 
5160 6342 
7655 3703 
6193 3634 
9836 3826 
7183 2601 

5099 3746 
9660 6388 
5888 238 
6033 6389 
2339 6364 
5724 4704 
439 3630 
5703 8728 
2396 8717 

9679 9128 
3114 4839 
1823 769 
4895 8016 
755 4731 
8195 7938 
3684 9646 
8036 9696 
2387 276 

6286 8420 
6666 8626 
1136 8742 
3330 7928 
8724 5386 
6656 1120 
4103 6335 
6600 7217 
7526 8423 

4338 2421 
2792 1445 
3504 7339 
5735 7189 
6985 123 
6885 5724 
400 3172 
4144 3418 
8150 1633 

2160 7832 
9561 884 
3218 2569 
8356 7322 
8904 4956 
891 6430 
3380 1582 
5204 2524 
3027 5060 

9863 5115 
2249 3200 
5238 5487 
8925 5638 
5011 9421 
5408 3161 
7406 3920 
993 6967 
1156 4212 

5888 9512 
7886 4792 
4469 5129 
7575 4201 
6711 9131 
3077 6091 
4191 2940 
1206 2793 
2492 2796 

8280 7769 
4787 3291 
3543 195 
2804 949 
4116 3797 
4269 1624 
4361 157 
1137 8599 
1302 1958 

3729 8877 
6159 6792 
4360 9236 
2883 8551 
8528 441 
1344 7372 
9590 5976 
5142 4377 
5619 8685 

4572 8423 
5986 5040 
2221 255 
6665 2934 
413 4154 
1534 8067 
6112 1615 
6944 8623 
8407 7656 

4211 7643 
6207 9091 
8084 3904 
6463 7674 
6232 1605 
8403 1852 
6642 9328 
275 8981 
4368 8848 

9236 7385 
1783 6001 
1539 3317 
4068 7651 
1284 7364 
2626 9691 
5020 6837 
7334 7580 
5928 1771 

7836 2392 
5797 4068 
349 4201 
5920 3344 
3529 6196 
2325 4249 
5044 1561 
1635 3179 
3915 9526 

2848 4335 
3530 4132 
1700 6156 
3824 3072 
2994 7510 
7004 5274 
9281 4840 
7666 1431 
5261 4368 

5632 1181 
7712 5513 
3729 6389 
9762 5126 
7950 7749 
4657 8217 
7276 7506 
2553 7158 
1638 605 

3314 1814 
3677 2660 
5677 7034 
7935 4958 
1874 1953 
6389 3487 
2673 8373 
1021 6737 
3886 4750 

3126 1 
6228 7429 
7750 886 
5646 1378 
4744 8199 
8536 2734 
5156 1851 
4549 8834 
863 226 

2220 5150 
1536 4094 
7104 4278 
3934 6129 
9003 4955 
2867 9242 
6057 5993 
9243 2286 
3422 6993 

9524 9069 
8372 4268 
3620 3260 
7002 8777 
5111 7903 
3963 2327 
4481 6183 
7477 2370 
6629 933 

6648 6915 
7063 5651 
1870 9930 
4893 7928 
5923 488 
6566 9346 
7482 6090 
4767 2206 
6710 4739 

1818 3712 
3516 3282 
7968 3831 
5609 2449 
6366 3086 
4819 9348 
4020 7819 
6263 7435 
9823 8134 

7365 1068 
2414 3288 
1557 8980 
8986 5391 
5070 105 
3949 1780 
4845 5767 
1844 4713 
9049 9812 

8545 1010 
8614 1263 
449 9785 
611 4469 
3957 3227 
1904 3780 
1361 5621 
1200 3775 
5261 2757 

2755 600 
4500 4177 
705 4801 
5957 5550 
569 4153 
264 5970 
318 5161 
3333 5284 
6424 3782 

1421 3388 
4603 5378 
6615 2859 
5510 4328 
8480 6711 
4455 93 
5820 7210 
693 6673 
7739 1399 

1474 48 
3301 8395 
4201 3565 
718 871 
5078 4051 
6155 7855 
7833 7577 
1243 2436 
2955 4210 

5295 8466 
8538 127 
1529 2993 
220 3701 
6555 914 
374 4294 
8665 1849 
4342 1966 
244 4895 

1884 962 
5767 6962 
5013 1922 
4817 9198 
9499 2412 
7986 8807 
2974 3281 
3625 1512 
9760 1506 

857 9981 
5207 3764 
7247 5582 
8058 5912 
7431 8752 
7878 4027 
3648 6114 
1342 5767 
3077 2707 

7689 4246 
1906 3541 
3011 6244 
8700 5985 
9526 2325 
3850 5638 
3831 1059 
1971 5390 
4824 9218 

972 9234 
1482 4755 
4339 5713 
5135 4339 
1827 6477 
106 1256 
9184 4147 
1855 7442 
4040 4866 

3687 2740 
7203 9565 
1417 7405 
1555 5248 
4817 3527 
639 9641 
9097 7963 
5227 580 
2719 5918 

6293 7854 
257 8120 
683 6715 
5729 6219 
863 7584 
14 4903 
2450 3701 
7644 6005 
9618 9061 

9763 1173 
662 4580 
4700 7653 
573 150 
5616 5800 
730 4687 
1719 3375 
8893 8328 
7847 5928 

5044 3576 
2148 5907 
1160 2162 
7162 9962 
2215 1158 
2320 1833 
6572 2083 
9358 3586 
6663 411 

1239 7236 
561 3207 
3036 1291 
4247 1107 
4666 3140 
9436 2513 
5421 832 
2442 7569 
6739 3602 

6083 253 
9917 8298 
1412 2237 
6483 4336 
4320 5841 
7922 983 
6252 9161 
8219 3165 
8720 7607 

808 2967 
5067 1826 
2460 855 
692 7881 
1687 3134 
1802 4778 
6736 7885 
5031 6653 
2535 2795 

5242 9018 
7131 9562 
4859 5053 
6897 7464 
566 5116 
6981 9287 
9076 7790 
8606 495 
9616 7418 

1350 308 
5299 9389 
3442 3453 
4167 6531 
1338 5550 
9536 225 
4698 4779 
9243 1829 
693 455 

3235 7591 
4271 153 
9059 1252 
5792 8135 
5394 4399 
4982 5011 
1817 2684 
1671 3469 
2073 1466 

3274 2592 
4349 965 
8143 237 
1190 2841 
5016 434 
1022 2062 
889 609 
9653 1512 
763 8712 

2764 6555 
3200 4511 
7306 8182 
5874 9124 
867 7545 
8945 9292 
5363 2219 
1885 9712 
3184 6380 

9950 4375 
9221 1318 
1161 6595 
3380 2050 
3557 9385 
9914 4320 
8098 2678 
7227 1298 
3541 4534 

5832 9415 
10 3051 
6961 8955 
2344 8676 
7526 4229 
8389 711 
609 4691 
1438 6182 
2361 2599 

9129 2094 
1001 2686 
1479 915 
7006 9577 
9945 4234 
7227 3487 
5120 9412 
2902 5130 
2463 6215 

4085 4807 
4892 7963 
5388 9633 
8674 5997 
4324 6464 
8531 3037 
5415 7661 
5131 6416 
347 6611 

3683 3706 
2540 3629 
4292 9768 
3468 9412 
9180 6370 
4542 1643 
8938 4979 
2803 3830 
2942 8191 

3463 7969 
541 4139 
785 9072 
3528 6201 
6733 8660 
8969 3433 
5271 2653 
3491 7811 
2634 7783 

3931 6102 
3547 3111 
8824 4441 
1107 7762 
9420 262 
7944 8714 
8453 7759 
3035 5346 
1898 3821 

4419 5427 
22 7504 
439 8991 
937 5710 
7996 4428 
9873 630 
8563 3805 
6732 2110 
3268 5557 

6551 727 
9671 2323 
989 7616 
1038 5795 
5375 425 
1141 3626 
4246 1912 
5405 620 
9417 5844 

9612 6706 
7906 3960 
7487 7779 
4591 6050 
7936 1323 
4513 7557 
3232 7416 
8284 9256 
9740 5626 

6872 7130 
1421 8599 
7555 8914 
2225 8154 
7179 3982 
8774 6596 
9826 4738 
9654 4084 
8699 7141 

1864 3290 
9544 6152 
965 409 
3709 550 
7825 8346 
9806 3917 
3972 3030 
7399 1745 
7981 4955 

7011 207 
9461 4190 
541 8235 
7138 368 
2974 6793 
4452 8025 
286 2668 
1315 6182 
5173 8632 

6591 5234 
9182 769 
3580 5340 
4686 3904 
4722 2086 
2001 2704 
3393 9013 
9263 9206 
9555 9804 

7441 6694 
6524 6767 
9839 7329 
4792 6477 
6349 2459 
2660 1522 
1092 9251 
6757 6626 
6372 6689 

8319 1059 
594 3041 
9497 8947 
2097 9242 
4312 1360 
8448 3868 
1165 5889 
6914 4041 
9009 3105 

1370 3801 
9582 7720 
2613 8594 
9242 57 
7846 2351 
6683 570 
9041 1354 
1629 5987 
4396 7478 

1286 6493 
6720 5599 
4206 5168 
5819 1723 
7410 9085 
5764 6419 
2190 7135 
6572 8124 
1207 5537 

6719 449 
5594 917 
9153 8630 
1487 8194 
9984 9469 
533 4380 
6947 1819 
7226 3668 
3770 1432 

5188 9589 
9507 2598 
8674 5271 
5369 7216 
2406 8294 
5341 3613 
3831 2060 
415 9426 
9329 9568 

8056 816 
4114 4392 
285 999 
5125 7233 
9170 2351 
7253 2941 
135 2441 
2530 9642 
1392 1205 

1265 6761 
8421 3672 
5055 114 
3637 8887 
8526 404 
4665 7855 
6324 9073 
5024 6790 
3465 5309 

4141 8590 
8894 3312 
7293 2499 
6253 7428 
4941 5135 
3422 2685 
6340 4688 
9446 1114 
4712 854 

7580 4701 
6093 6107 
1458 758 
3962 7782 
9831 5338 
925 9648 
648 5066 
8239 5894 
8378 5532 

8394 983 
9313 9687 
6119 9087 
2372 8811 
127 8170 
6277 4839 
9024 3858 
5893 1469 
6317 7351 

2227 6631 
1485 8410 
1970 8762 
8059 2618 
3829 2650 
4864 8559 
4534 9610 
9543 3847 
9297 5662 

2935 8021 
825 3062 
2544 7103 
4254 7920 
7313 6499 
9390 3630 
3850 7969 
261 1687 
6380 2231 

450 791 
1201 4279 
9793 6066 
9190 4327 
2028 8733 
8175 1326 
747 7462 
5699 1573 
6876 4595 

5028 1130 
2516 2341 
7629 1906 
5971 7831 
6227 6232 
9519 2607 
4816 6321 
9750 6017 
6952 5895 

8435 6142 
223 464 
1228 4750 
8142 1975 
2212 3841 
9900 9088 
4789 4928 
6571 7305 
3621 552 

5563 9592 
8384 1790 
2177 4255 
750 6993 
6928 6852 
3010 3880 
2748 7798 
6374 2971 
8262 7602 

4073 6404 
5930 6285 
6597 5830 
1725 1386 
7111 4648 
8691 732 
5201 606 
6677 9937 
2397 5206 

4192 9499 
2199 1120 
6351 1561 
1352 9099 
9359 7726 
8422 7621 
1681 2495 
377 7611 
5132 6975 

9793 3210 
8361 3256 
7858 3405 
341 3059 
4011 7018 
2996 2760 
8576 3540 
2259 7127 
1012 4963 

8688 2364 
414 4400 
6443 8837 
8373 8124 
7684 8751 
2087 2817 
2078 1880 
6027 439 
1489 237 

196 1830 
3297 560 
5200 2645 
3320 3776 
6186 1932 
903 7198 
3247 5943 
5915 3661 
343 8710 

8850 5069 
3186 6535 
172 5273 
5704 2250 
3505 8083 
9041 4994 
8320 9238 
3176 7969 
6150 8376 

615 5822 
2152 6801 
7754 9407 
351 1001 
5351 6266 
1015 2046 
4976 9865 
7115 8162 
6400 3639 

9787 8456 
5889 3293 
6539 1283 
4639 1212 
6873 7816 
9181 3023 
2544 9796 
8845 4697 
2949 2952 

456 3301 
3953 5807 
5919 1320 
4206 896 
1186 7673 
5410 7586 
1313 5198 
2395 3554 
4843 5286 

4837 5834 
6498 1710 
3650 2032 
4733 6195 
8180 3579 
7244 7482 
6531 7700 
783 6836 
9860 3054 

8157 418 
302 5695 
8091 5713 
9633 9404 
7263 2028 
9311 8458 
7315 4148 
4292 165 
2211 4295 

2197 3296 
6842 6730 
3227 438 
4212 6110 
4490 1347 
9299 702 
4401 7456 
1120 4704 
9503 9212 

6769 9136 
4968 4032 
1165 4279 
8842 4832 
4780 9486 
4997 6991 
3781 3547 
6639 6975 
277 9867 

3765 841 
5977 8256 
2188 5276 
5310 2941 
9084 6431 
7645 8587 
1995 4414 
7724 6963 
4798 8889 

7595 3640 
3721 8727 
3127 5070 
2070 3260 
8617 8709 
6588 5246 
8576 353 
2439 4554 
4961 979 

9830 272 
3921 5267 
3055 1566 
3854 5050 
5981 1578 
8365 7131 
6819 2312 
772 6892 
1039 251 

1963 3109 
3511 6932 
1819 99 
8531 6747 
6805 970 
1301 1766 
1950 7484 
8390 2223 
2751 7797 

3789 6605 
9199 6122 
4536 7565 
3254 1355 
6229 378 
8248 3621 
629 6563 
6730 492 
3495 4901 

6944 8378 
8001 3749 
9349 9302 
1867 7651 
3138 6610 
9874 2241 
4407 15 
5199 3607 
6138 9735 

7524 5744 
7442 3753 
6122 5690 
7374 3103 
8605 457 
3595 2101 
1710 6891 
6831 9711 
6992 2532 

5366 8860 
183 8504 
1822 6409 
7098 6229 
2777 2297 
6188 8915 
2032 64 
1011 5826 
170 3485 

1517 3896 
6588 6474 
4353 6535 
4927 2416 
3427 1759 
2127 6771 
4291 3845 
5631 827 
8702 3805 

3588 5800 
35 6365 
8097 2575 
5280 6481 
2640 2643 
2307 2810 
6128 176 
6706 9068 
6651 7412 

1956 1578 
9828 1735 
9689 8307 
8506 3981 
2153 490 
4808 855 
4295 8396 
6655 682 
4762 1104 

3258 6394 
7585 2250 
5390 6244 
5060 7870 
6421 8118 
6939 3072 
1882 8895 
1002 1710 
6982 692 

6370 5488 
1025 4875 
5978 5833 
5730 274 
581 8737 
7308 1695 
9841 566 
4442 3778 
2816 9832 

22 4228 
7702 2795 
8699 993 
2219 581 
6240 3222 
8644 3222 
266 5014 
8711 1291 
9889 1041 

3476 1971 
7667 409 
7060 4976 
2105 3253 
1894 6547 
7031 1063 
2731 3405 
1643 6785 
6201 342 

7779 4772 
924 4019 
4346 5920 
3594 4612 
7286 8657 
2255 7175 
9698 5731 
5498 3718 
6141 2558 

5046 4598 
5811 6940 
7497 9194 
4355 228 
2599 5999 
3365 5152 
6341 1144 
9925 3617 
1516 4271 

9537 5110 
5236 6823 
3767 7491 
350 9817 
9575 5848 
3535 2068 
4758 4933 
6666 569 
1874 4163 

9763 2581 
743 8715 
8580 4108 
3867 4922 
1605 144 
4891 3121 
4416 4429 
8231 6004 
7604 8350 

3495 4307 
8167 9422 
155 8055 
1490 4914 
2988 8156 
1835 1214 
8671 1599 
3796 9414 
314 2376 

9875 533 
7298 1480 
678 8542 
4601 1446 
2971 9184 
7450 6927 
7534 7297 
1234 5701 
6720 7742 

3756 4562 
9008 6745 
2719 843 
7959 7742 
8794 1755 
3509 5460 
4132 3384 
5994 7782 
4864 3024 

6324 5817 
4470 5647 
5001 8272 
8927 8887 
1921 6513 
4588 4993 
4255 4697 
9556 9615 
7794 8627 

6811 5753 
6369 5605 
3861 9878 
1066 4345 
3262 3412 
8479 4478 
6436 1156 
6647 906 
3155 8000 

5530 2082 
6887 7451 
8596 7828 
2445 9203 
2525 8353 
5171 319 
6980 1982 
2424 3349 
3939 2637 

3228 5005 
3334 2842 
4769 1814 
3673 1205 
2970 320 
8463 2477 
8321 345 
4560 5208 
7797 9508 

9388 6594 
5063 1913 
4947 234 
8584 8279 
8568 7361 
1628 2508 
9998 1208 
3865 3333 
403 8635 

1499 4076 
6192 4469 
748 4656 
3298 9069 
5001 7858 
630 9150 
3718 18 
2096 5134 
8284 7043 

1720 6868 
5322 289 
581 3303 
2797 580 
863 6662 
265 1266 
5297 1764 
1694 1490 
2585 2443 

2498 5883 
1512 3851 
94 8494 
3002 164 
4865 1450 
5298 3149 
8494 7019 
6369 168 
7308 6951 

9823 6457 
3883 687 
3119 4148 
1953 4769 
2264 3648 
2611 4849 
6091 1461 
7084 3955 
5312 7178 

8802 4666 
7343 3667 
6117 8993 
6816 963 
6012 9537 
7483 9672 
2840 7307 
6129 6723 
4346 5601 

7223 6299 
6722 9487 
6299 5685 
688 8742 
7146 7773 
9050 8810 
4951 7852 
3477 8646 
7871 5946 

7640 1039 
3261 3652 
576 744 
9677 3417 
4403 5806 
6492 8749 
7759 3716 
1401 4481 
9555 4052 

166 244 
2795 7312 
8017 8197 
6123 2968 
2401 5952 
1615 272 
8250 9255 
1311 1511 
9259 8239 

8607 8936 
1656 3011 
1095 4501 
8112 8854 
8217 9513 
3336 4124 
3566 9854 
4368 2713 
7167 2385 

7262 9642 
1706 9663 
1946 3321 
9935 6548 
8928 7598 
8059 4539 
5837 3018 
9828 3846 
6029 923 

8347 4142 
6129 2916 
7 5817 
7040 9925 
5672 1409 
2638 9191 
146 6252 
5185 1852 
5915 3483 

1525 2202 
31 6805 
9800 4442 
1345 1990 
7460 1173 
2188 9842 
8448 535 
336 4577 
9803 6695 

395 3195 
6621 2419 
956 5611 
1610 1103 
1864 3147 
2955 7779 
6630 833 
6334 3013 
7638 2486 

7455 5335 
4476 1267 
6508 6664 
1109 1308 
3551 7797 
2238 9706 
4493 8985 
2902 1114 
1404 3858 

6725 9366 
4961 4941 
2513 4269 
9073 5495 
1454 5407 
8508 9092 
7893 5963 
4428 8722 
7230 7288 

1738 4692 
8597 5290 
8841 835 
1348 3334 
9820 4250 
800 7576 
8109 3878 
6942 9422 
8819 5807 

43 7892 
1302 1497 
3299 9810 
590 7545 
2125 5018 
6267 5707 
8658 8005 
399 7255 
9647 9241 

4442 996 
8927 614 
1598 9728 
8190 9707 
3606 1484 
9130 8777 
3643 9173 
6670 4945 
7023 6321 

1107 7613 
3866 3232 
8983 6485 
8940 7641 
4491 5691 
1249 490 
1284 2043 
7838 212 
9010 9437 

6292 7200 
5496 9898 
5037 978 
5027 8680 
6504 1697 
9978 3527 
8019 7437 
1140 8237 
7022 6475 

4723 2314 
4116 5566 
8005 1717 
2408 5642 
3761 247 
2206 2771 
6036 8498 
6323 1532 
4748 7712 

2511 9775 
2745 9015 
7825 9075 
2542 2196 
6512 34 
433 3534 
6509 1508 
5848 625 
7074 206 

8695 5835 
5848 8808 
6082 8054 
7931 8470 
2904 606 
2 7652 
8319 2513 
3779 7416 
7880 1604 

6491 422 
3800 9355 
456 4234 
2890 6965 
2094 5090 
3943 9169 
5296 2638 
1356 7496 
7798 7438 

1902 5729 
5908 4806 
6335 2262 
8810 1006 
4776 2590 
8422 9008 
4194 4913 
9431 7995 
621 6239 

8581 3511 
9557 675 
4953 3500 
6196 6602 
2490 7552 
450 6640 
1342 2353 
2369 3602 
3511 8704 

5865 2322 
9711 6993 
4912 4485 
6001 5458 
5751 1784 
9805 6372 
4376 4738 
6235 3933 
5414 1188 

3785 7962 
4142 2627 
1867 4593 
9267 9561 
3298 7988 
9516 6809 
3044 5381 
5483 9107 
8726 6747 

3593 1079 
2206 9344 
9216 2011 
5716 3592 
6750 8303 
3877 8516 
5843 4014 
2830 9986 
6641 1049 

931 2260 
611 4229 
248 127 
1038 3292 
1860 6522 
2400 6938 
9621 2345 
8017 1827 
1689 3585 

191 3757 
7177 3293 
8412 7406 
8161 4255 
1420 7343 
4241 8061 
8393 1524 
6673 9004 
5753 6921 

5483 6792 
6566 3695 
9666 5318 
633 5639 
7663 5002 
7467 5704 
8588 4010 
9461 5765 
3655 7873 

3172 1816 
8480 944 
9159 9074 
9006 3904 
598 2031 
9260 6352 
8953 4743 
9496 1871 
8438 5514 

7189 5423 
1153 1204 
426 4972 
6908 9014 
5334 2721 
1131 8989 
6946 655 
7157 5426 
1600 2669 

4500 6958 
6573 5099 
8989 5834 
7803 4294 
6929 7299 
6165 1720 
2813 9706 
7143 318 
910 7569 

5291 7818 
6583 625 
539 7715 
5967 7485 
8370 3124 
9264 9970 
5793 3764 
6928 2367 
5215 2270 

4553 3018 
6564 1482 
317 2730 
3202 9482 
2436 346 
6153 9699 
7915 1444 
7517 851 
8421 4409 

8566 4388 
8246 3288 
7513 7510 
9611 9658 
7627 2891 
2025 2842 
5161 2930 
5861 1726 
4413 2530 

4456 7615 
8365 3244 
4313 4518 
2943 8581 
2314 6813 
9432 7087 
7574 4350 
1476 5820 
3990 5341 

9683 3601 
1351 7310 
6493 9729 
152 8006 
2659 2365 
9732 7072 
4896 540 
1040 9613 
137 5353 

4131 3080 
3934 2797 
6245 9718 
9884 3819 
4068 1360 
5992 8059 
3053 5675 
8012 4405 
9337 4505 

4134 9489 
2512 6793 
1855 8596 
218 3103 
9137 1258 
2716 9274 
2963 3199 
8706 6898 
5996 1304 

2968 5880 
1475 7037 
3593 7467 
1448 6646 
9494 5812 
7403 8831 
318 7889 
4673 9182 
4683 2880 

4130 1253 
5983 9619 
2511 5051 
8893 5474 
8250 3952 
8724 4246 
5256 1693 
126 6731 
5082 3719 

551 2882 
6718 6397 
8694 4121 
1581 5364 
2011 6254 
898 3046 
9134 5029 
4299 1469 
4648 3162 

6520 9894 
8636 4770 
3846 3713 
5368 5454 
5406 1846 
8537 6840 
1918 5440 
9722 8636 
1838 4768 

9109 3419 
133 7472 
6025 1031 
6870 5159 
2412 1169 
2980 3413 
683 9500 
3307 9320 
622 3505 

9385 5990 
5311 4791 
4188 200 
7983 6106 
5641 7705 
4742 3831 
8825 204 
3602 8958 
7676 9627 

6342 899 
1138 5106 
8420 4118 
8519 9104 
9970 8178 
4776 592 
1683 4161 
2934 3346 
5304 7122 

3547 3287 
3229 5540 
7344 4323 
5723 6169 
879 9325 
5128 4908 
5304 7822 
5807 2794 
2928 4227 

3264 7800 
3331 3234 
5978 8107 
178 4014 
2268 3112 
7360 7572 
6586 7259 
859 6167 
9151 4555 

491 4874 
725 1370 
4199 2205 
2630 5855 
27 8437 
8649 9307 
2665 1913 
3459 5996 
1499 9438 

456 1677 
9804 9076 
4789 7164 
6649 7728 
776 3860 
3895 9927 
8416 738 
4802 5493 
8461 5353 

7698 1091 
1209 4077 
9529 6210 
9736 8546 
4476 3196 
4542 5975 
2634 1350 
7653 2438 
427 8794 

5954 3428 
2874 3082 
7288 6770 
3010 2056 
7508 4164 
7549 5969 
9517 1599 
3413 7078 
5676 2942 

9641 1765 
1488 4117 
4961 2382 
6444 3947 
85 4097 
6385 512 
9244 8691 
3940 2118 
1774 7580 

5240 1136 
5989 2749 
5300 9890 
5070 1169 
1490 4835 
8248 3518 
7777 4241 
5283 5617 
8358 6596 

4352 4802 
543 4437 
5252 3280 
1301 848 
1972 1593 
2966 98 
9173 4559 
1234 1514 
7308 2886 

1405 8730 
4055 9247 
9918 8655 
9117 7695 
2896 4401 
9665 7606 
7349 369 
2409 7893 
4806 4013 

1173 2459 
4861 3145 
4052 4179 
9595 9577 
8738 829 
1092 2398 
3715 8849 
7481 7771 
4448 7399 

2778 3565 
1446 5675 
4318 7463 
3281 1668 
7832 2042 
9561 8990 
2407 734 
1449 3620 
232 1853 

7800 9827 
1431 2890 
657 8875 
1641 724 
4076 5474 
4847 8524 
2873 7626 
2089 671 
9653 6408 

8135 9286 
4428 5967 
1329 3989 
4958 88 
1075 2759 
3709 1307 
4613 7861 
1135 2396 
751 8144 

1271 8744 
5220 1699 
4218 68 
223 7091 
4046 8664 
4115 51 
1424 2250 
9337 5852 
4569 7018 

6193 5879 
7107 7269 
8639 7168 
8576 9604 
5029 6063 
2000 5780 
4207 9623 
877 5780 
1322 5095 

2200 7897 
2187 6246 
2913 2654 
2649 4338 
4904 1986 
6542 9473 
9005 2736 
1705 2464 
5 344 

9632 4933 
6300 4661 
997 8300 
6793 1556 
4275 7670 
7336 5597 
2766 9536 
9846 1305 
2134 9111 

3959 4783 
3449 5215 
3122 6344 
1040 8479 
9080 2745 
943 5437 
9441 6927 
370 5741 
7940 1367 

4041 4733 
9276 8316 
8756 6612 
265 7874 
2501 6463 
5531 987 
5575 9490 
5771 5376 
1057 5245 

1720 2097 
3724 7152 
4843 1019 
8941 636 
7946 9312 
6378 2238 
7031 419 
3323 6307 
5088 2079 

2920 1705 
6305 1773 
8169 1836 
2760 96 
7678 4883 
5472 8735 
128 3545 
7185 3852 
7049 8380 

1223 5991 
9016 5521 
5303 5394 
7759 8686 
2166 1083 
4994 7254 
9514 4266 
8959 5820 
6039 3480 

7656 5151 
3576 5335 
35 5401 
4070 163 
5298 7607 
368 2347 
5987 7943 
8338 5004 
3465 9993 

398 1224 
5032 2564 
2307 26 
6170 1822 
644 1482 
3994 3035 
1314 1650 
8186 1243 
6985 4573 

6644 7408 
1089 8294 
5015 7809 
641 7355 
5752 5332 
2359 9217 
5325 9109 
6794 357 
1674 5453 

6735 4196 
3627 3731 
5678 7621 
6766 3345 
9272 1305 
4588 2609 
5878 7584 
17 6967 
5878 1385 

1128 6519 
8740 6881 
1851 1099 
2450 3529 
6560 9244 
238 8234 
4698 3326 
8783 8325 
7057 813 

5947 3824 
4158 1571 
1481 8746 
4180 7359 
2682 550 
679 8560 
1935 1807 
1432 7027 
5040 3283 

4478 7491 
3164 1038 
6735 9755 
5625 7785 
3081 4408 
6111 138 
5221 8410 
314 5732 
9981 1795 

830 4161 
5507 3513 
4711 2538 
2073 2998 
697 9857 
25 5738 
9493 4503 
9581 2657 
5542 2668 

2412 7519 
454 1845 
1927 6565 
1984 3500 
1327 8650 
9232 1308 
6798 6415 
1821 2305 
9928 2885 

1195 8353 
2235 1892 
4563 2261 
3982 4056 
3116 3563 
6713 5010 
6232 5478 
2529 3038 
7323 808 

5955 5659 
4309 7282 
4310 9893 
4942 7460 
2660 3115 
9765 8940 
6000 960 
3646 8236 
9204 8209 

6849 3187 
2265 6317 
3102 5330 
7680 5686 
808 209 
8724 4484 
7370 4679 
143 8031 
1961 805 

4276 6903 
8265 6937 
6371 4382 
2229 2371 
1694 5875 
6959 7251 
4084 160 
438 2701 
2830 9892 

8032 510 
5579 8840 
7071 4303 
9676 4441 
8983 9820 
8824 7296 
6977 3101 
552 1595 
6390 6923 

5977 8619 
5646 4024 
4495 8958 
1275 4931 
9118 8065 
7633 1948 
7957 2017 
8810 9888 
7209 5882 

544 6886 
6675 5879 
3058 5500 
3175 35 
8601 79 
1630 1343 
7002 3960 
9962 9001 
4336 809 

7959 1963 
2093 3429 
6380 6078 
1730 4337 
8095 540 
578 5304 
2774 1122 
8542 9450 
7001 1600 

4950 6528 
1636 9903 
6608 9618 
7598 3610 
9930 7560 
8963 618 
4722 6922 
2581 3167 
6704 8961 

9245 8434 
9651 3692 
5326 229 
5348 8101 
7703 3891 
3903 4704 
5491 5205 
7584 3479 
1460 4192 

9450 9058 
4155 5732 
2970 3118 
6351 4044 
6393 5284 
7211 3097 
4246 6456 
7883 249 
6500 3209 

6830 1849 
7662 4533 
5740 1565 
5589 7583 
3122 3173 
7415 4582 
3718 3217 
3640 7873 
8949 6611 

991 5300 
655 7384 
6937 4219 
6833 1183 
675 4716 
7784 3528 
7926 4614 
5377 1940 
5499 7469 

9858 7440 
1404 2980 
6965 8819 
7563 683 
2036 1203 
4908 7338 
4166 5900 
2638 1174 
9636 5927 

5393 6470 
3462 2420 
1186 1246 
5948 5464 
2212 1325 
7405 4063 
5146 7263 
1503 6551 
243 4821 

5370 7806 
1856 3759 
5362 6765 
1097 5880 
2665 87 
7054 8653 
6015 8799 
5123 9477 
1220 6310 

7076 3520 
8126 9288 
1198 5531 
3352 6344 
9146 1207 
2895 9390 
6028 4618 
3548 7885 
4729 5262 

1002 2178 
1143 3667 
2265 4549 
2320 4632 
3349 3796 
462 921 
6458 7538 
4441 4584 
3178 1991 

6468 2882 
8336 5614 
4090 7583 
1356 6470 
8553 4905 
707 9634 
6519 1709 
1812 7662 
1728 430 

2212 401 
5062 1913 
4197 5524 
2834 655 
9414 3627 
1591 8945 
5619 8059 
1827 307 
26 5917 

7890 1382 
8740 2796 
2639 9447 
2430 9159 
1157 4243 
6821 2885 
4673 5385 
3286 6087 
7298 3835 

7964 6484 
842 7378 
112 2434 
2675 2083 
6845 4503 
2390 6871 
420 6632 
4606 5512 
9428 7245 

4960 1859 
6404 2469 
2454 9578 
1706 3479 
1315 4993 
9566 8614 
5180 7530 
1450 6023 
1261 7914 

8457 3936 
9997 5302 
4791 8739 
8526 1564 
5372 3132 
7076 4800 
6729 2036 
3011 3134 
857 5465 

9064 2564 
5296 379 
7557 4863 
5345 2737 
8745 6796 
5112 6358 
4710 3569 
6647 1060 
5224 1438 

9799 102 
3002 5171 
3234 6431 
6324 9963 
4819 5687 
9449 5677 
1153 8513 
8241 2801 
5245 2150 

7664 590 
1239 2762 
7386 6352 
5472 8449 
6273 2119 
5861 1497 
9910 5660 
1599 9264 
7184 1185 

5695 9860 
7501 6867 
5547 6950 
2544 3052 
1816 785 
5854 7061 
9287 9870 
7651 526 
8984 1390 

3230 4457 
6191 9504 
2928 2052 
1001 9190 
4064 8953 
4807 7600 
138 6854 
3812 3991 
3721 9360 

942 6265 
8764 9110 
3402 970 
6171 2689 
841 174 
9568 6177 
1564 2798 
634 4107 
2302 9915 

6159 9656 
9105 6576 
8609 3912 
528 5099 
767 4341 
9091 840 
3701 6385 
7106 8817 
5495 508 

9788 1666 
9550 6981 
8192 9118 
3158 6109 
1916 145 
216 571 
60 2728 
227 9165 
5656 8836 

9430 6184 
287 6549 
525 9378 
7389 578 
2115 4495 
9396 7610 
1356 5536 
5628 7258 
2517 3821 

2728 5675 
9930 996 
5820 6498 
1567 5880 
9226 1794 
1398 4882 
6982 7180 
1067 7270 
3729 7944 

3000 7470 
8523 5116 
8318 4271 
2726 9674 
9807 8355 
3284 2324 
8528 6012 
7999 8458 
7008 172 

1308 8576 
2404 535 
6722 154 
1769 3705 
7334 9188 
7327 1063 
7133 327 
8534 2008 
5443 6852 

6279 4522 
2878 6086 
9229 2514 
8410 7757 
8526 2761 
2567 1886 
9285 3875 
6814 1690 
762 3537 

1844 2532 
3594 9179 
8072 921 
6594 5205 
1248 1480 
3565 3044 
4684 9844 
3918 3914 
5930 3147 

6428 692 
7256 1306 
3454 6175 
3193 2739 
50 6359 
781 7165 
6248 2626 
6049 9842 
8157 4121 

7115 4751 
5679 4716 
6232 9244 
4112 7268 
5441 8030 
1183 1371 
7529 7611 
2064 4785 
8918 1870 

7312 8463 
961 3714 
1174 1743 
879 7423 
721 6928 
3617 8878 
7402 7085 
3629 9433 
1801 6213 

5029 5913 
3482 470 
295 4665 
1842 7824 
8628 258 
8961 3898 
8480 6273 
8713 5793 
9987 9888 

7536 867 
3663 8257 
4147 7280 
3487 7901 
4365 7117 
7334 2518 
9682 2364 
8431 9516 
2834 5078 

533 1028 
2902 9162 
7638 1863 
3060 2470 
8136 8126 
8264 4476 
8014 5800 
1695 1677 
410 5842 

5309 3897 
96 6027 
7366 7430 
8545 3401 
6146 3329 
2917 8981 
8407 3451 
6361 1310 
8965 4000 

9525 8377 
2822 4014 
6503 1086 
8490 4517 
3239 185 
2546 3649 
2379 7856 
3898 2475 
3883 7617 

6258 2428 
1018 2404 
2109 287 
7737 517 
3738 4099 
8179 9055 
4451 4056 
7433 7273 
8070 3936 

8360 2912 
4806 7951 
9449 7352 
7952 8181 
1560 1850 
656 5443 
5819 3266 
4224 6837 
5671 6333 

7125 3408 
3202 7215 
3859 1381 
6271 4662 
1790 56 
1936 6212 
344 6648 
9125 5150 
4599 4926 

8855 2551 
3107 415 
753 116 
2211 6573 
3382 6435 
9762 9053 
9120 3239 
8814 2323 
6807 2673 

56 9430 
3688 1846 
9486 5624 
8059 6182 
8624 3536 
7685 9575 
8462 6540 
8478 7922 
3307 5583 

8038 5518 
8508 7772 
1953 8271 
3178 7426 
7862 1992 
9749 1021 
1017 6157 
451 4705 
4356 6289 

6681 2415 
8824 1657 
2303 6509 
1232 7117 
3049 6062 
5039 6356 
1646 9429 
1875 154 
7202 180 

4777 380 
3958 8992 
8724 59 
13 9741 
6217 6817 
799 573 
9458 7480 
9340 8282 
5490 7995 

4791 3074 
5112 4192 
9137 152 
549 7135 
9581 8776 
7289 6783 
5308 8419 
3515 5619 
7411 2239 

5678 3776 
8333 8247 
6945 9132 
5172 6404 
2964 4512 
1038 8454 
8859 2182 
1529 3972 
6374 7018 

476 3275 
4153 57 
8403 7794 
3193 64 
6213 3060 
5683 9976 
5300 1361 
105 3633 
5961 7050 

9117 1133 
9806 2081 
1998 7197 
6888 857 
9379 4769 
4829 5753 
1787 5305 
9029 5940 
1715 3784 

3734 1260 
3848 6300 
4320 9531 
2628 5972 
7245 2733 
9605 9558 
6136 5074 
691 5942 
7156 2689 

9491 396 
3547 8870 
5165 4728 
4624 3304 
6386 5 
9244 8101 
141 9330 
5713 3990 
1982 33 

9873 4611 
6006 3470 
3696 1963 
3028 9832 
7038 3720 
2127 546 
2761 1618 
942 2660 
489 2459 

7389 1465 
5763 3775 
7822 1359 
8228 7963 
689 3941 
8305 9024 
326 8179 
9987 6332 
8001 3683 

4648 7382 
3516 8038 
7454 1995 
8584 215 
3613 9526 
2876 454 
8337 265 
8271 4100 
392 6093 

5459 8620 
409 2500 
8913 8714 
1524 9239 
3245 1511 
1924 7599 
5195 6572 
4981 5063 
4610 2435 

3410 9546 
9002 7023 
5424 1878 
3830 3761 
8495 8453 
7861 8887 
4547 3320 
3859 1308 
5820 9124 

6374 3697 
8364 5972 
1560 6640 
9923 6755 
9564 4904 
8170 526 
3691 1580 
72 2693 
4956 5496 

924 5138 
5609 9419 
3591 3470 
4659 4490 
3142 4870 
5798 5314 
3995 8525 
9011 8711 
4497 572 

5351 4420 
3679 4915 
5676 8202 
5441 5719 
6134 5513 
4764 7442 
7361 5688 
2580 2970 
1460 6172 

2792 6119 
7014 5934 
7341 2813 
7600 1336 
7690 2964 
47 8539 
3536 1750 
9311 3567 
6665 4987 

8121 2106 
7058 4256 
3971 1822 
1698 7684 
7511 631 
7006 8971 
3155 9798 
1442 169 
2084 8783 

2982 9685 
6472 7024 
2649 6519 
5563 2537 
8270 4874 
2456 1287 
6213 578 
9746 3271 
1186 3717 

1446 9236 
7754 8957 
6219 4760 
4280 9374 
4559 2074 
9544 2995 
7209 8878 
2680 3681 
5903 1681 

6553 7818 
570 1175 
2693 3027 
2462 5258 
9957 2208 
8530 7495 
2278 6328 
6731 32 
5285 9303 

4792 5917 
8677 5703 
4343 8221 
5051 1552 
3452 7731 
5234 9355 
5765 1787 
7173 6335 
2962 6218 

9362 1776 
1477 5671 
3985 6359 
3166 2615 
2687 6250 
2647 4324 
5553 3791 
6593 4230 
5847 936 

8804 898 
2488 2256 
4981 7722 
1611 746 
5861 5136 
3434 8823 
1355 9148 
600 9184 
4820 937 

5543 7986 
3552 4582 
4236 2551 
8906 6141 
6342 1851 
372 8541 
2787 9176 
9439 5275 
7784 773 

2998 5747 
7871 8859 
883 1305 
4035 8590 
454 987 
4126 1626 
1924 6021 
9612 5476 
603 201 

8027 5861 
6342 721 
7712 3066 
5615 499 
8594 5054 
5775 6378 
2179 5125 
2125 51 
336 3009 

7708 723 
7951 4514 
1710 2078 
6140 3634 
8099 2105 
5462 5055 
2306 9841 
916 5000 
6915 4981 

8067 2530 
5480 6661 
3936 7607 
3040 6116 
9084 1517 
2519 5773 
878 6579 
6496 8830 
1094 8207 

7260 3586 
8193 1711 
5691 8 
6766 4349 
9849 4035 
9350 3116 
9016 3769 
5646 848 
430 9583 

4808 9822 
2051 3892 
7692 922 
6017 8570 
7501 2514 
3752 4947 
7073 1012 
4886 5266 
2724 577 

5274 9490 
1279 1476 
3525 6981 
4592 2541 
750 239 
9742 7532 
6174 4550 
3707 4577 
4794 1399 

5499 812 
9969 9352 
9678 3722 
652 6751 
4734 5538 
2017 3810 
2467 3644 
3301 98 
5120 3178 

7079 6064 
2072 7829 
6303 1814 
5362 8829 
2716 9069 
3406 7510 
468 5257 
4674 6789 
962 4352 

511 1614 
1103 1598 
3504 9473 
5408 2323 
9469 5061 
2422 941 
4592 9501 
7005 6664 
3683 9661 

4830 5397 
8490 3898 
4466 8249 
1408 1286 
3506 2435 
4427 4468 
6787 4939 
2434 4243 
2889 2290 

68 4649 
4614 9537 
9711 3388 
478 655 
2889 3835 
3671 2924 
3496 8501 
8321 1987 
2399 9139 

6588 159 
6777 94 
2594 1205 
915 5734 
6144 3349 
9977 5385 
5640 6397 
34 6606 
5934 9745 

9994 2764 
6752 9235 
6599 423 
2160 6448 
5276 6833 
8435 4027 
5973 5023 
4187 2750 
1469 3133 

3955 2384 
5219 6451 
2086 5196 
1836 4078 
7945 1871 
7036 3879 
7968 7030 
2995 4721 
6265 5947 

5144 4777 
2395 421 
1611 7182 
4448 7584 
8557 4987 
6686 26 
4473 642 
8763 9692 
3445 7201 

1241 5282 
7631 9186 
3505 4667 
9418 1473 
8049 2413 
2546 4314 
8360 4043 
5444 7107 
816 3407 

4289 1616 
7343 2846 
6604 4029 
2873 7429 
1023 7988 
7121 4469 
1541 4714 
9751 9172 
3901 3256 

3839 3319 
1081 1888 
2084 3628 
2554 6797 
7671 4350 
3904 8487 
7757 4546 
6455 5100 
7392 3059 

9130 6617 
6840 153 
4605 3962 
974 6146 
5028 725 
1670 8929 
333 5509 
8600 7767 
3749 7037 

1395 2656 
186 5418 
7006 4090 
257 4764 
8636 6712 
9864 2381 
6124 5346 
8998 2964 
1852 9956 

3278 2826 
2454 8307 
9904 4125 
3588 6589 
5986 8541 
4356 9736 
5578 2103 
2392 5764 
7521 5750 

6206 4130 
514 4843 
7195 6731 
3576 9671 
2077 2574 
8987 281 
8882 2266 
3108 1337 
6925 9364 

1814 513 
5953 7800 
9054 310 
3888 984 
2413 2632 
6748 6287 
8383 2955 
6769 5249 
4150 316 

1980 7726 
9987 410 
6652 8975 
691 5535 
1241 151 
6872 4518 
9515 5038 
1383 1821 
2838 438 

8483 3079 
7774 896 
2063 4523 
3535 6798 
3830 6657 
2048 4332 
6973 380 
2058 6961 
790 5062 

5936 7834 
597 3529 
7985 3821 
4399 3853 
8859 5782 
5674 8050 
2572 4157 
7481 347 
1405 9544 

4870 1293 
6343 5052 
4302 4743 
9384 1275 
5123 7794 
4588 2266 
2856 524 
100 9806 
405 4437 

3627 4804 
8290 8839 
6939 316 
3241 9511 
825 722 
9858 8583 
6618 1080 
6228 9313 
6132 530 

408 1868 
8157 5532 
9662 2746 
7798 2519 
9622 4250 
8677 6380 
8687 2304 
7536 3330 
7495 4475 

9998 736 
3987 7176 
7810 197 
2111 781 
1278 8339 
94 3762 
5221 503 
1983 9730 
2387 1645 

2476 6537 
516 8451 
787 9193 
4831 9474 
7850 2367 
9156 5345 
3195 9155 
2434 7182 
6331 244 

7379 8442 
7377 5009 
3133 7472 
5124 8354 
4327 7107 
8084 3066 
5104 6913 
9603 5621 
5364 390 

1166 6547 
9864 9016 
5266 9021 
714 8461 
4528 3148 
1995 859 
9744 5727 
5653 7122 
736 8786 

946 5860 
3492 1625 
9319 7928 
4691 4424 
1193 4294 
6397 2909 
1036 7563 
5808 7252 
2932 1075 

2625 3646 
5888 7153 
3146 7884 
4364 2890 
3611 17 
6364 4347 
5155 7310 
6560 4999 
8935 2231 

9280 9978 
6655 473 
4272 3052 
9735 1660 
6968 5543 
8913 9900 
6618 1538 
9898 2507 
8692 3044 

6743 3056 
5934 354 
9426 2299 
1053 933 
5961 3965 
5933 1249 
6197 5213 
1227 9204 
2038 1852 

8609 1773 
3512 5577 
7317 2425 
5477 3935 
3964 5375 
2794 9008 
8419 9537 
2064 705 
6243 7842 

9356 7297 
8776 1670 
1262 4709 
2919 3811 
6274 498 
3016 8312 
8702 1625 
6438 8567 
7202 3755 

7344 9031 
4042 7660 
758 3189 
6668 5529 
2726 5085 
2586 8970 
2927 1943 
2619 1703 
9965 3881 

2764 9236 
4045 5390 
9734 7061 
3703 4789 
5038 141 
3356 2240 
248 700 
7623 4290 
8361 8381 

3831 5029 
262 6558 
6466 2848 
1880 9394 
1143 4499 
7449 1108 
4732 6566 
344 8777 
1956 6431 

2190 2011 
1220 7228 
8504 928 
5820 8752 
1628 3443 
9395 6341 
8176 3226 
7723 8438 
6136 4189 

7639 8016 
9935 8782 
8867 7385 
9891 9952 
3951 6587 
5081 5907 
9370 7272 
7919 590 
852 2775 

1518 6673 
1528 9499 
6468 923 
5840 4645 
501 9915 
9435 6638 
4105 7074 
1006 4040 
2209 6226 

7777 8452 
2530 8080 
5039 7611 
340 4410 
1235 4611 
1352 2088 
7386 9223 
5113 8914 
8722 1581 

6189 914 
2578 3043 
830 2014 
9681 1287 
5440 7039 
1679 7649 
9617 9457 
6101 2147 
3889 7493 

6111 4229 
8255 7346 
8840 9607 
5786 6227 
8830 899 
1493 3904 
2481 4035 
4819 5059 
7078 2001 

3425 3111 
9640 8866 
150 1319 
2867 6120 
7128 8969 
8267 1018 
2814 730 
5247 1069 
8077 4088 

676 215 
6667 5859 
7467 4512 
9763 9948 
8547 934 
1359 5625 
9287 1137 
8736 8927 
6355 5239 

247 9222 
1359 7375 
4543 5978 
8393 7357 
6709 9993 
4778 1138 
433 5455 
7705 7100 
7666 5172 

1612 3781 
1472 160 
4716 9184 
2137 4003 
321 874 
2931 3028 
2465 9530 
2250 3824 
6905 3146 

6154 1651 
6855 9215 
1644 1634 
6705 8429 
3441 4411 
5529 1107 
5935 3493 
4888 7408 
5 5956 

6592 2143 
9960 3265 
9369 9243 
2645 8186 
8773 1247 
2010 2030 
4393 4516 
33 1249 
84 8029 

9235 6789 
6458 2676 
7552 8339 
135 3488 
1833 5023 
7248 8190 
7332 192 
6685 3644 
9809 2406 

2887 2454 
592 8012 
3701 8954 
6394 4447 
3471 6428 
2048 9907 
4457 1283 
6696 916 
3959 601 

9255 4094 
441 7440 
5469 7689 
5631 2801 
7881 8668 
6445 4042 
1075 5684 
6496 1667 
3696 6549 

6974 91 
996 445 
2871 3044 
6704 7328 
4327 9752 
8244 4638 
353 7500 
5084 794 
1292 554 

4835 6923 
9707 2716 
5592 2505 
3110 3019 
4541 9606 
4686 4590 
6156 1660 
4681 3504 
8457 3904 

6549 1513 
1232 876 
1266 5829 
1867 1619 
9681 6951 
8766 973 
3857 3601 
7897 3565 
2670 9841 

2422 5780 
2860 6963 
1739 3898 
1553 7895 
1911 2586 
1399 6720 
6490 4300 
8234 4075 
5177 9500 

9904 7044 
7471 9585 
347 6237 
558 4205 
9839 8455 
7770 8861 
4648 6544 
4641 7508 
3507 6380 

7759 1413 
627 9670 
3999 8379 
2742 6842 
2679 976 
917 4208 
6828 821 
7604 4300 
406 7952 

6889 964 
8509 3080 
5772 2631 
1941 420 
9175 2935 
4281 9034 
5667 8392 
447 2647 
8062 4447 

1026 7156 
1289 57 
4485 8558 
618 1313 
9379 4574 
1965 9785 
8878 8855 
7101 7387 
1935 9225 

18 229 
9646 9193 
3164 279 
4580 5183 
8671 5027 
7830 3085 
5826 5208 
6593 3467 
1618 1078 

2025 2236 
2392 1404 
3162 4357 
7541 2041 
9564 995 
9428 1500 
220 5799 
8081 6218 
1344 1245 

2849 5924 
6428 1520 
952 611 
957 6778 
5819 7551 
246 7437 
8629 2271 
6025 7373 
28 9188 

1731 3921 
1229 1295 
4916 7009 
9147 5137 
2808 7228 
7707 4153 
4825 557 
77 7606 
2077 7381 

8217 9387 
512 4036 
6938 758 
7826 1919 
9381 3851 
9293 5761 
3039 7376 
9683 4268 
5023 4599 

7630 523 
6088 438 
7751 3796 
943 8929 
4353 7373 
6535 2782 
4754 1104 
2169 5266 
1492 5459 

2376 9318 
7379 8110 
3170 3024 
3871 2561 
6752 9906 
3182 1775 
4506 812 
2298 594 
1250 6402 

742 8546 
5331 5095 
5919 8218 
7878 7025 
9322 47 
8644 814 
1859 1020 
6485 5590 
5482 6007 

4966 5706 
8568 1718 
5612 1750 
3493 118 
8914 2144 
7065 6517 
8546 7807 
5063 229 
9255 982 

4799 7133 
8007 4121 
3532 6651 
1287 5391 
4024 4124 
7333 5858 
131 2299 
1564 5052 
4017 7177 

3154 3863 
3647 2069 
6007 7064 
8586 905 
1224 3649 
7486 479 
983 2285 
7612 5342 
2758 7496 

8346 397 
9240 2370 
4522 6573 
4580 1005 
5225 6145 
2409 9242 
9674 5564 
9457 9673 
3985 1816 

3090 2571 
2721 4314 
2572 6559 
4793 9907 
8844 8757 
5249 7954 
6253 3595 
4704 1845 
2317 9226 

8419 6898 
6583 3644 
9395 8993 
9238 5421 
4557 5048 
1446 4894 
6864 4536 
7465 5938 
8850 6389 

2497 3643 
2648 7694 
8752 7897 
5648 5006 
7845 352 
6851 162 
5930 1622 
3412 8866 
1618 9159 

7859 7209 
932 8768 
2257 2379 
3662 9121 
6915 7479 
5059 5766 
220 3909 
5761 2868 
1603 4514 

7117 3603 
9520 4962 
308 2723 
1477 2590 
698 1241 
1456 2316 
401 5667 
5877 1333 
4435 8134 

3712 4449 
3608 628 
1928 5019 
2746 2148 
8928 8507 
1368 6883 
3021 8486 
487 8893 
3448 7147 

1617 4925 
9737 8667 
2519 7546 
7335 2920 
3213 3213 
605 7649 
7699 670 
8450 1307 
7650 379 

2679 396 
8879 1607 
8903 248 
8491 8277 
5086 5330 
7170 8534 
8829 5139 
9812 8566 
3806 8683 

2464 1142 
1603 5678 
707 8560 
9679 8406 
5582 8129 
6066 3232 
4860 8745 
9980 3740 
352 5236 

340 5195 
3513 1778 
6877 7035 
6664 5706 
2175 2828 
625 2333 
1511 3089 
9827 9466 
8767 534 

8027 4798 
8941 3609 
2928 5007 
3194 7788 
3752 3174 
7880 456 
8410 4572 
2004 1923 
6350 5233 

8959 3015 
940 7486 
5843 7917 
9819 7355 
1006 9647 
6821 6126 
6533 1200 
924 5474 
4810 204 

6833 4356 
7993 6937 
7530 2225 
7394 5941 
6798 5750 
4216 3148 
983 9527 
2515 8275 
3365 8359 

6192 9537 
5714 3551 
9184 8887 
6029 2069 
88 3305 
7544 1250 
3510 4377 
5606 7855 
1315 3136 

80 5061 
5429 3230 
811 5998 
2731 8146 
5525 5246 
6422 5243 
3605 8966 
4780 5671 
8869 316 

4559 4898 
2385 4647 
8204 9929 
5897 8066 
659 7855 
5921 8326 
991 2353 
3387 2773 
1936 550 

8771 4667 
5048 648 
6265 7822 
5891 9871 
6789 671 
5542 5658 
7339 6453 
6909 9725 
1100 1465 

6006 3349 
9531 6665 
1204 1804 
1343 8548 
509 4730 
7673 2445 
1632 2796 
3464 6681 
3444 9730 

855 5688 
5953 7644 
2711 7847 
9655 51 
4301 6564 
9776 1753 
4381 5782 
5103 3912 
8800 2659 

2068 143 
7559 2577 
1226 1584 
1375 9210 
4380 1191 
2243 7825 
7273 3099 
9865 3226 
743 2576 

1074 6750 
8979 1727 
9666 5107 
3480 4047 
890 4935 
7959 6042 
3947 27 
6185 1506 
8957 3763 

3091 332 
2974 3823 
7875 5217 
8000 5149 
8316 7865 
8375 5412 
6794 5801 
2162 5773 
7528 8181 

881 7361 
2228 8123 
2296 6540 
517 6243 
2919 6702 
4102 1876 
6818 3545 
8560 9792 
7368 6436 

5009 5369 
1585 9678 
9586 6312 
1442 6380 
8466 3604 
8506 5994 
8137 5739 
9707 366 
214 2004 

6906 731 
4599 9825 
7433 5053 
8054 603 
8598 6614 
395 2319 
9402 1757 
4040 987 
1435 3626 

3652 2877 
7 2118 
2833 4865 
4464 971 
604 4172 
7689 818 
2528 947 
1549 7127 
772 5334 

2181 5178 
5938 7131 
1793 2685 
5802 1195 
4442 9842 
8535 2229 
3469 8539 
1458 9828 
657 644 

4693 1473 
7967 1649 
5645 5656 
8819 8173 
6603 368 
1653 3727 
2054 186 
8906 4344 
7317 7051 

7030 3120 
8246 1472 
9314 3133 
54 2783 
8024 1512 
8963 8681 
2156 3656 
6507 6475 
1657 2152 

2131 476 
6678 5086 
7196 8331 
8814 9251 
8517 4072 
3595 2186 
1123 6977 
1658 9369 
4802 973 

8855 4856 
3756 6879 
2720 9072 
1913 1229 
9080 8420 
7704 738 
6924 9836 
1214 3602 
1274 4763 

8285 88 
4014 3154 
4160 3961 
5341 5283 
939 6999 
1005 2093 
7972 6212 
6949 8081 
9443 6021 

7153 1356 
7250 2585 
6128 4955 
3323 9405 
1143 890 
9359 2417 
5653 7645 
8858 6019 
799 9370 

9980 2492 
1006 7271 
5844 2011 
9364 3816 
4575 2665 
8249 4018 
8687 1754 
5375 5937 
4340 7855 

7244 4015 
7260 8387 
4905 6620 
7157 6910 
617 2367 
2929 7768 
1737 2910 
261 2743 
6533 6105 

1106 5898 
6273 5681 
8563 875 
9700 7250 
8981 1427 
9540 9673 
9282 6784 
3689 2895 
1524 4946 

9515 8681 
1857 6484 
7400 4786 
4252 9137 
4048 4513 
8233 582 
618 9339 
6480 3244 
5021 1395 

4119 4721 
4998 3100 
2500 4538 
2774 1782 
1322 2815 
1029 2846 
7761 544 
7879 9618 
7028 5279 

4405 7633 
769 4805 
2146 9002 
5387 9117 
8341 8219 
8713 9714 
5967 2832 
787 965 
2284 3287 

5503 1410 
1422 3177 
577 2451 
6024 8339 
9348 255 
7957 2728 
1887 8714 
361 2656 
3520 8860 

1658 5259 
7977 6351 
9831 6690 
6066 5798 
5874 6853 
6763 4510 
141 2266 
2273 7915 
5443 2850 

366 7819 
1189 9714 
4427 5499 
8795 6314 
565 9156 
8970 4085 
8016 6980 
5697 2345 
9683 5528 

9035 5749 
1326 1261 
8955 8089 
2124 9096 
6707 4397 
7011 8502 
7247 3729 
2674 8437 
3444 7101 

288 2239 
3415 853 
7747 8737 
1291 5764 
2069 6988 
8109 1752 
8868 3497 
3854 194 
1110 2809 

4635 3234 
8257 7694 
7631 1620 
6196 1231 
5349 5222 
6020 5145 
2323 6308 
3736 2090 
7161 1484 

827 8452 
3600 9248 
1792 8061 
7353 660 
7910 1207 
7206 9021 
368 8193 
8607 8625 
5887 2591 

245 8436 
3822 1946 
3658 9842 
7092 5982 
6150 828 
8072 3311 
8664 5252 
8116 8616 
852 6260 

6678 8205 
6921 4588 
5764 479 
9961 6132 
8673 8569 
1109 912 
1160 7706 
9348 1334 
9653 3007 

1176 6745 
5341 7326 
3925 9765 
6989 8942 
1369 1457 
7558 8574 
7718 4236 
6779 991 
5177 8896 

1470 1490 
1380 6495 
59 2490 
7408 7571 
196 6756 
5257 9849 
6115 6433 
2946 7808 
111 3224 

3926 7101 
2166 5295 
4910 9724 
3869 2628 
313 7001 
3619 5490 
5897 1442 
6980 3629 
7937 3392 

6119 5345 
7315 6316 
8454 2573 
2517 921 
5358 1816 
8730 5470 
5040 2656 
8923 3558 
4303 3833 

3282 4525 
2814 9947 
1526 2785 
1789 3775 
4227 5122 
7404 8517 
4866 9876 
214 8533 
2544 5020 

7458 1413 
5942 2817 
3229 4672 
4639 4621 
3680 3562 
8179 4335 
3747 7814 
8860 6561 
7761 6738 

5699 5903 
6865 9926 
1025 622 
4795 5891 
498 5010 
4424 3042 
30 1883 
4455 2324 
1052 4037 

3348 5691 
8658 7028 
9253 6838 
1364 9352 
4652 6576 
2266 8765 
3315 7965 
4668 180 
4243 2045 

7154 9039 
7936 7652 
401 8713 
7046 431 
596 1502 
9108 1648 
5539 2456 
3691 549 
9485 9296 

7387 7201 
8648 8391 
129 914 
7157 3444 
8879 8177 
9977 9475 
223 7131 
8514 4511 
1136 8915 

3224 8182 
5698 172 
6036 4806 
8172 7927 
7263 1863 
8477 3100 
1159 2216 
6653 9808 
608 6782 

7074 4117 
6579 2306 
8646 2908 
1781 8869 
6391 6647 
9733 7527 
5562 2957 
2062 7612 
3130 8098 

2419 1302 
2378 6034 
3166 7207 
9134 4325 
9423 2139 
485 31 
8921 3912 
500 1852 
6218 9147 

4760 4351 
4368 1152 
998 4101 
5031 2912 
3411 3445 
524 6541 
1544 9295 
7843 274 
5329 7361 

7481 815 
8039 6904 
9306 4876 
3288 8228 
8788 140 
80 1358 
9287 1193 
5709 8 
8697 6707 

461 3728 
5971 3872 
7174 6496 
413 5070 
5791 4609 
5344 7473 
8322 9177 
4640 6361 
6081 3947 

1238 5721 
8527 6378 
5862 4959 
7737 1501 
6152 3446 
7861 4849 
6506 8323 
4930 2477 
2195 2104 

5325 8961 
3526 7469 
9922 5222 
4942 8244 
4399 5934 
958 6832 
6233 8548 
8906 4760 
4926 1120 

9720 9015 
2621 2224 
2462 6835 
7074 5320 
5158 2004 
4149 3705 
460 9475 
9018 338 
6944 8940 

5560 8238 
3537 6311 
4172 4495 
9495 406 
9395 8401 
1518 4321 
9521 7590 
3337 8495 
9815 2151 

5330 6889 
3823 6840 
5245 7972 
545 2057 
7447 5916 
2395 4391 
4856 4307 
8981 4745 
6970 3154 

5592 6465 
9912 4987 
1219 1430 
5661 7092 
5373 5350 
5587 5188 
7501 7269 
8429 7676 
461 3674 

5648 7359 
2083 3096 
3275 830 
3839 4483 
5137 2821 
9229 2107 
2327 4821 
4924 8591 
9809 6143 

6373 5470 
3236 1746 
820 5175 
6934 4673 
8797 5363 
2349 9258 
5389 4349 
6617 3824 
3797 9892 

4654 3989 
4376 6143 
3162 3605 
4602 5489 
4778 9527 
432 4587 
2022 6805 
6409 1610 
4904 3581 

6786 1838 
4606 5583 
3554 3307 
1193 5295 
7657 7811 
9120 7806 
7703 3774 
1795 8431 
9918 4957 

8388 872 
6798 3167 
399 7230 
4106 2422 
388 6868 
4032 1644 
449 7170 
3482 1408 
9105 3388 

4715 299 
8684 8724 
4462 7804 
6531 8517 
7930 8326 
6949 4200 
9636 1689 
5073 2786 
4856 1824 

6369 5315 
4246 6757 
2183 4631 
8401 2632 
8153 8235 
4040 7259 
7976 5108 
3910 6660 
3832 8372 

816 6715 
6889 5098 
1394 190 
9299 1030 
1880 724 
3816 3088 
2548 6537 
8403 3147 
3294 586 

7778 8047 
9571 2283 
2635 9963 
5894 611 
1423 9804 
3623 5256 
4528 791 
8323 7770 
5889 9717 

4312 5188 
7099 6192 
2264 7268 
5633 4813 
3805 4036 
7960 3452 
975 2090 
7851 6898 
4373 486 

6861 268 
7449 8285 
72 1072 
9893 953 
8215 4568 
8723 4105 
4286 3035 
5645 7737 
5580 7910 

5005 1213 
2723 5163 
1601 683 
8615 2576 
2773 2818 
5826 7146 
3305 2688 
3766 7106 
7325 3839 

4531 3570 
1144 2746 
8138 9867 
6851 8776 
9254 8849 
2866 1186 
6759 4223 
8751 9482 
9386 353 

6517 4353 
9281 5642 
7172 5108 
9140 6829 
4148 2907 
287 7825 
6746 4818 
7747 4242 
7565 2237 

461 768 
7366 9715 
9617 232 
7254 2728 
4455 6005 
2210 3842 
2710 5079 
4547 1992 
721 1719 

3452 9862 
4900 3952 
2769 5188 
1777 5867 
6 5876 
109 3923 
8113 570 
1044 5479 
6637 7013 

2063 3891 
9742 6519 
9897 8304 
6713 8959 
3384 1260 
951 4105 
9332 755 
319 4232 
4707 3088 

9420 2836 
8955 5779 
8712 5416 
6054 3178 
5986 3450 
5009 8976 
464 7073 
2867 206 
3592 9116 

8510 305 
8076 8246 
7917 5379 
2352 7249 
6135 2671 
1482 7194 
2112 7254 
31 7419 
9385 5095 

2836 5440 
8273 5174 
8890 3283 
4150 5706 
356 3370 
5912 3948 
2486 775 
605 6914 
9021 8522 

2294 7725 
2124 4781 
6749 3606 
1975 5213 
7212 2006 
2632 6598 
3454 5468 
8390 1727 
6995 3632 

1362 1145 
9339 1718 
4515 1603 
2018 3354 
2378 8975 
268 7752 
3850 8914 
1829 5974 
3695 8578 

5932 2023 
3791 3144 
381 2776 
6094 3835 
4596 836 
1915 1591 
4469 3277 
9089 160 
4996 9956 

1763 3366 
3310 4142 
2342 9931 
8246 6192 
5197 75 
2166 5245 
8654 4450 
7268 8797 
3946 7649 

1573 41 
7837 6170 
7229 9752 
7761 8050 
3029 3202 
8210 4377 
3159 9974 
7744 6469 
468 6438 

2752 8714 
2630 7950 
8789 1148 
3195 3795 
1950 6815 
8945 5896 
816 6870 
2289 8653 
3040 9519 

4757 7154 
7569 7787 
356 5780 
8516 3515 
2106 2612 
6337 2574 
9050 5441 
7640 8032 
3391 2781 

9180 2938 
2929 1130 
9753 1874 
7027 6922 
8744 5668 
5575 8137 
5187 6685 
1643 9109 
4472 1999 

1241 9340 
1867 3347 
1953 4556 
2273 1003 
9997 9913 
9036 3389 
2694 4568 
2679 1975 
2051 8785 

3849 5430 
5707 8946 
1098 1282 
7083 6286 
7967 8726 
1747 8791 
7077 2988 
4484 5296 
6335 6437 

9852 4960 
3792 9850 
4873 9180 
9591 3919 
3749 2270 
5895 5800 
1055 6096 
1230 6762 
5042 8680 

4397 8477 
1318 8716 
3555 3065 
3860 633 
6053 8344 
5929 8740 
1133 2134 
3700 4925 
1984 4925 

4106 7927 
8845 4207 
197 1092 
7 7605 
7188 7589 
719 2231 
6269 5116 
7060 3940 
185 616 

7005 4045 
1249 9411 
8741 3530 
4503 9874 
5664 4556 
1151 4000 
9481 1609 
1927 4678 
5816 8477 

5770 2175 
6082 9311 
6116 3153 
7894 8738 
4622 4954 
2678 4807 
5570 9683 
5204 3171 
5446 297 

3054 9950 
6523 5070 
4506 7674 
9071 339 
5636 7350 
1370 1452 
5827 3492 
9980 8261 
2803 6096 

7767 7049 
4834 2389 
2004 7512 
3548 3926 
3548 8752 
3450 5346 
9049 6504 
5296 1924 
1574 6154 

9598 6997 
2846 1586 
4348 4216 
3039 6527 
4060 9371 
4789 6864 
5467 2556 
3913 6654 
1297 2269 

518 4845 
2548 4066 
9949 5998 
5765 5350 
2502 7413 
7274 428 
9920 3224 
7426 2766 
4811 8126 

3334 4202 
4653 7394 
3573 5794 
610 9040 
4702 876 
5694 5999 
9497 6213 
844 2045 
6631 793 

8043 2396 
6143 6897 
6162 9769 
7326 6082 
2994 1104 
8848 7805 
9230 8534 
2007 3883 
2280 5580 

6030 9243 
972 732 
119 3019 
3084 5968 
5584 3928 
8014 2215 
1074 2409 
964 3569 
9307 7126 

9691 2985 
3208 2685 
441 8408 
490 9671 
3294 8849 
9906 5574 
781 2288 
4817 1753 
3021 1288 

4772 6105 
7257 356 
6385 1623 
8924 3811 
4032 6240 
3733 9691 
9718 3424 
9028 2926 
6109 9469 

7686 2951 
5492 980 
8152 1751 
2906 8933 
4039 7724 
686 7060 
9012 1811 
9517 2621 
8519 2255 

4244 7443 
6066 4629 
3683 6151 
672 3401 
9575 6053 
2679 2036 
1874 6717 
1339 7367 
4049 9491 

5470 6956 
8424 9509 
4680 5463 
2922 44 
7274 8791 
9018 2145 
1046 9614 
9589 3465 
595 9624 

9616 1268 
9378 5544 
3673 8409 
7580 5547 
1479 8920 
9266 5528 
8411 4736 
2484 3188 
4246 3516 

8651 7168 
9913 2277 
5959 8931 
4422 3358 
8545 363 
6823 9141 
6340 2791 
6761 5718 
8335 434 

479 2268 
2333 1958 
7540 1600 
7487 2303 
6336 6323 
5491 6934 
9840 494 
4102 6105 
2771 6414 

5036 3546 
6124 9933 
3909 2947 
9074 249 
2090 2187 
2319 426 
8973 2799 
9046 1307 
1109 6586 

9259 4948 
8889 5595 
1272 733 
8882 7464 
1227 9336 
3569 351 
5750 8605 
249 1874 
4890 4158 

1173 3965 
760 3264 
2504 9431 
42 7830 
2230 9088 
9137 9692 
2026 4748 
4640 915 
6695 5912 

8000 5577 
9728 5580 
4914 3297 
2283 7016 
8254 2532 
8891 3145 
3042 6416 
3462 3802 
6032 2318 

9586 6074 
148 1816 
1514 5637 
1508 3540 
385 2501 
808 7081 
4765 8808 
9010 4494 
740 3924 

4143 3023 
941 8750 
5555 6184 
1895 4950 
8952 1709 
5104 4985 
379 4690 
1059 528 
2859 8926 

2517 719 
2466 9255 
3220 3274 
2688 7986 
8435 1698 
8832 9175 
5623 2975 
2199 2916 
1725 4106 

9100 9972 
9056 8052 
8033 513 
3037 8413 
5203 449 
8941 8062 
9375 7810 
8782 1841 
7065 8354 

1468 9753 
6340 9903 
1452 5172 
5430 3427 
4500 3981 
6343 6225 
8088 5443 
6198 3496 
9847 4231 

4009 9237 
8996 5565 
9686 7937 
9979 5413 
2100 8761 
3606 9165 
7116 1426 
8919 9808 
1329 371 

1333 3112 
150 5833 
7093 6493 
2058 1533 
8288 4608 
5030 8135 
5192 5391 
7372 4188 
7308 3410 

8478 7288 
5175 578 
6049 8782 
9743 9517 
208 5014 
5678 7890 
1737 7011 
1002 1887 
2844 8095 

8380 4902 
9629 3020 
5863 1011 
1156 1055 
2754 4880 
1595 63 
4643 73 
7351 9818 
651 9752 

4952 6747 
5622 5161 
1761 1300 
9403 9851 
8311 6757 
1738 7507 
1204 6471 
8761 7185 
9491 4624 

4548 647 
2031 7303 
1880 3627 
3718 6523 
3700 7421 
6341 704 
7173 1294 
3803 9147 
2807 5564 

447 8562 
5415 5110 
5319 3506 
2617 2875 
9977 1379 
61 9468 
2355 4609 
6468 4387 
8264 8348 

4366 1982 
1223 8066 
9403 3916 
5122 2929 
1562 8925 
8428 721 
842 8876 
9283 2609 
338 954 

6115 9308 
182 2444 
7039 243 
8265 9394 
1204 4733 
133 5821 
9433 4499 
7803 7008 
8918 3559 

924 4040 
2840 2487 
2966 1268 
3208 160 
6496 8844 
2769 3187 
6150 5237 
2495 6332 
4033 9534 

2927 2298 
5280 4132 
3383 5414 
9953 2816 
9913 4108 
6176 8831 
4019 7101 
9224 3211 
5940 8542 

832 9148 
8702 3680 
4344 7823 
6867 495 
9412 5714 
6827 3446 
1600 9755 
2096 6881 
239 5480 

8647 6544 
4648 4912 
7004 825 
96 1024 
4278 9320 
587 218 
4214 7771 
5718 9268 
1452 63 

7091 4671 
558 2856 
6738 3737 
2654 8338 
9844 1102 
1571 83 
6582 6570 
6627 7583 
1483 3632 

8408 7931 
1008 9038 
3603 1595 
9256 7817 
5719 4974 
7085 7171 
5037 528 
8194 1947 
9736 4932 

5685 2390 
9623 5529 
3493 7546 
1965 6427 
4117 8592 
4010 1952 
8576 8770 
9883 5936 
7808 3486 

7532 3416 
1303 9603 
8391 4740 
6774 9780 
5268 4968 
1728 5005 
6253 3765 
3747 5876 
5646 3592 

3422 7611 
6372 7539 
2556 6734 
5843 1132 
1857 5726 
7069 6017 
5564 953 
9434 3219 
556 7825 

7959 3682 
7605 9580 
5002 5685 
937 1255 
9450 4684 
7131 5097 
4629 6906 
2708 1001 
797 5264 

7735 6641 
2749 5944 
2367 6170 
1962 4284 
3475 1396 
7503 4031 
5573 5463 
4065 9530 
1395 9067 

5216 2332 
323 1018 
3368 3806 
6115 7997 
712 5176 
5350 1510 
6792 9438 
8151 5893 
5382 6870 

2063 7344 
1154 5538 
5092 8658 
5921 665 
473 9986 
196 1868 
9054 1764 
4200 5729 
2782 7568 

9535 5250 
1918 248 
6778 7268 
8110 3570 
3058 6261 
9464 8441 
9483 7879 
2137 638 
3418 7230 

5648 5691 
4247 6121 
5678 795 
4341 1084 
2559 8541 
6813 1694 
2461 6348 
3296 731 
2948 74 

4352 1058 
3644 7410 
7319 9460 
2203 6803 
7340 4341 
3793 7110 
7923 9441 
2801 2170 
5562 4831 

9318 9903 
5915 8229 
4796 2728 
9923 3609 
5429 9571 
4341 8377 
9645 8693 
9436 9642 
2455 6755 

9102 4659 
9910 2794 
5352 3703 
6256 3275 
9496 5410 
1797 1410 
241 1115 
7665 6157 
5697 2461 

5237 5620 
2423 666 
1544 6764 
9044 1189 
1809 4832 
831 4264 
1587 6286 
5275 7850 
5432 627 

7905 1689 
254 7402 
7099 2052 
5164 7340 
9519 2830 
9849 5216 
5291 1439 
7189 4066 
8457 8733 

7182 7501 
9922 8991 
2333 7106 
9608 273 
9744 1235 
4475 5176 
1863 8732 
6865 2117 
2486 3964 

521 7651 
7657 41 
481 3858 
5257 2124 
5297 8798 
6191 3755 
7531 3373 
7608 3806 
8717 6294 

7264 4677 
2919 7008 
5912 7394 
2184 4127 
2478 5402 
2597 4965 
5718 3118 
2616 3375 
3159 9449 

3586 4769 
1573 5235 
9919 4116 
5342 7451 
3842 9303 
7609 8911 
5597 1225 
3588 8516 
8233 5852 

2262 6769 
6332 4740 
2171 8929 
6057 7890 
2047 8673 
7617 1559 
8122 1203 
2680 6048 
2791 2599 

164 8133 
6402 4006 
7436 363 
2917 9385 
1588 2857 
4253 6173 
5062 6515 
2943 1394 
7608 5114 

6675 3665 
9356 8722 
8691 3326 
6633 3165 
4529 9313 
9213 3672 
8265 5730 
1806 1019 
6088 5594 

1383 9006 
4980 9323 
8215 5585 
5497 9629 
8453 8440 
1023 6061 
9906 7698 
6078 5615 
2773 1121 

8941 5758 
639 9822 
1424 9852 
3495 9689 
1934 1653 
7060 8023 
7247 8443 
3381 8579 
4119 1596 

4165 9616 
1226 8970 
8056 8601 
5031 4314 
2652 7461 
9929 1777 
4935 8870 
7535 5574 
8693 8959 

1778 8540 
5000 3713 
193 8413 
1736 3792 
3208 5117 
8724 7327 
3065 9241 
6943 643 
8211 1351 

5597 9594 
2018 4601 
3407 1947 
6378 8342 
7170 265 
268 5863 
5577 2047 
755 6929 
5760 948 

5342 3848 
4740 8551 
5317 9816 
5878 8382 
9057 2822 
5378 7268 
525 975 
6862 2543 
5576 6622 

843 8306 
4964 8013 
8571 5233 
228 500 
3632 983 
7430 5744 
1931 2772 
9592 3023 
1323 1261 

2840 3554 
5995 8249 
6376 1373 
5518 3253 
8700 8732 
2149 628 
5354 2992 
8934 6671 
1005 3858 

8256 1233 
4358 1888 
8568 8140 
3984 499 
913 9928 
9874 8588 
1189 9066 
2142 7184 
7316 4870 

8558 2834 
4476 3610 
7918 6625 
4239 9625 
9617 3173 
6296 622 
3383 904 
8207 4094 
2792 6775 

2234 3128 
3626 9499 
3056 9852 
4440 4245 
8919 6582 
7781 6235 
7805 6339 
5421 2281 
9950 9691 

8906 541 
9316 8523 
66 5612 
5497 3450 
2868 56 
3896 5660 
3183 2482 
5140 3161 
8334 8196 

3013 2774 
8793 8284 
5708 6575 
4519 3513 
9266 6292 
2146 9216 
5984 1052 
6109 5300 
5927 6176 

7265 7776 
9626 133 
4184 9874 
2146 7367 
2356 7286 
6880 690 
1835 9894 
3464 628 
4530 5525 

7203 5402 
5390 6470 
1694 7537 
2038 4030 
4941 8148 
5683 7221 
4324 9300 
1349 302 
5785 5534 

176 7931 
9253 2532 
1570 6134 
9575 9757 
2380 9391 
385 6910 
4916 3941 
2312 307 
6763 4007 

4196 8801 
4389 5489 
3301 72 
2710 3977 
9372 4060 
4279 5158 
5946 807 
9441 5199 
3340 7363 

1333 2915 
7120 3713 
8658 3858 
6976 3575 
4151 9288 
234 914 
9647 4430 
6067 4037 
9919 9369 

461 8982 
9698 9834 
9394 3978 
1344 5340 
4785 7137 
539 4477 
4501 8225 
3744 7973 
8290 2403 

8183 5266 
5978 2334 
4555 2564 
9600 554 
6994 5668 
4591 3265 
1389 5053 
2247 1087 
1239 1641 

1417 8935 
3333 6203 
6072 3873 
7032 6925 
8450 777 
4899 6740 
9532 9434 
2007 1862 
1769 2914 

4426 1369 
3468 7772 
3389 4412 
1037 4778 
5817 9637 
5866 7056 
7630 7283 
2343 964 
9838 8415 

1189 6871 
5341 9639 
4000 6592 
2731 3532 
6026 1090 
5394 4147 
4004 9820 
1869 3825 
3944 1610 

8237 4981 
6389 4054 
970 8607 
7462 8601 
2242 9805 
5917 2081 
8220 3458 
5304 9913 
9449 5656 

2857 2180 
9188 5236 
9623 934 
5735 3627 
7106 3956 
3804 1050 
5567 2041 
2383 1956 
2447 3354 

6915 9909 
8307 9157 
6066 576 
1238 639 
4034 2894 
552 9835 
8550 3410 
8367 4090 
4998 7990 

5024 733 
7970 8482 
4690 1774 
9532 257 
3816 1916 
8565 6263 
5270 5480 
2525 9929 
4637 8591 

505 2228 
9230 891 
1474 6135 
726 25 
5897 9093 
4115 895 
3436 5492 
1628 1406 
3974 2670 

3180 3507 
2927 3348 
1775 1492 
5964 3397 
3324 8489 
3326 4314 
3432 183 
6542 9015 
7426 8016 

5150 8152 
4393 7399 
3597 4861 
8294 3385 
353 6274 
4791 679 
8945 4324 
538 8224 
7672 2313 

6069 3636 
5710 9393 
8477 5388 
3707 1910 
1923 6601 
925 9349 
4618 2427 
3853 9011 
9826 7451 

3872 8120 
7188 577 
746 1980 
1257 9691 
6304 1795 
7916 3976 
461 3985 
3965 2523 
9730 2442 

7912 3438 
4352 6187 
39 1629 
5537 1009 
4056 9390 
6373 234 
3193 6597 
8354 382 
7175 5453 

8714 4784 
5144 5018 
2931 9412 
5346 3392 
9749 9311 
5916 9480 
1754 180 
9270 2458 
6367 5661 

4088 1904 
3023 4496 
7647 9396 
4731 7192 
5993 9437 
7574 9520 
4890 6288 
656 6387 
7658 3588 

5799 3005 
3332 1901 
8668 9248 
7733 422 
5780 7003 
9233 2148 
9016 3321 
404 2039 
4169 8051 

7787 8900 
1596 133 
4690 9170 
6005 9580 
1811 6662 
5967 9469 
6602 8119 
8826 9934 
20 7495 

5535 4105 
4269 1315 
7460 3502 
9815 6476 
3175 220 
4868 7345 
4623 2655 
6245 6219 
2788 7287 

1742 8794 
6868 3553 
5456 9187 
9374 8410 
3658 8201 
4696 3678 
5696 231 
4135 9965 
7899 1595 

9820 7714 
8072 2995 
7934 2940 
340 8910 
1947 2938 
5129 4736 
225 3223 
3530 7093 
6776 5338 

2633 6151 
100 6291 
704 4796 
6322 2752 
5028 457 
2717 2927 
2053 8889 
641 6477 
1885 4928 

5769 2225 
190 7716 
1515 1671 
2452 1741 
4895 2334 
5186 8023 
4024 7819 
4174 4124 
463 1230 

8921 6785 
3982 301 
3594 3052 
9580 5647 
1941 6573 
8476 3826 
7853 4245 
2404 8043 
1962 3919 

9715 766 
5660 4610 
9453 7199 
8985 3477 
1370 3160 
3954 1833 
742 9227 
4970 4725 
9528 8565 

7777 5460 
564 6070 
2033 9041 
9897 9887 
9638 8653 
7930 1600 
2572 3997 
8719 4585 
4959 8172 

8136 3945 
8001 9506 
3457 1955 
1340 4199 
1182 6310 
5276 7062 
1227 3053 
2522 1792 
9124 4556 

7185 5373 
795 6823 
4026 5077 
4776 2950 
9075 3495 
3887 386 
8019 2023 
4331 6020 
1530 4140 

7976 9222 
4692 9158 
1884 9968 
2573 3112 
9374 5095 
4904 4850 
9651 2089 
223 446 
8912 601 

5524 3688 
9903 951 
3535 3791 
1337 1554 
5814 2021 
7575 7344 
2513 1903 
6566 7205 
7413 4803 

7174 9986 
7915 6548 
5082 2819 
1398 1085 
1260 7973 
7884 6524 
4926 9760 
6565 4829 
711 100 

8620 8400 
8007 787 
6773 1934 
4483 9287 
189 1050 
6492 7602 
2205 18 
3941 120 
6566 9023 

9291 4316 
6460 551 
8641 4344 
3427 3567 
4104 9992 
4749 1167 
6445 9721 
5920 804 
508 2693 

2738 4992 
1980 9279 
2394 4825 
6881 4599 
4843 822 
4719 7762 
6197 362 
8430 2658 
7265 7072 

3354 692 
6991 3811 
7037 8092 
1330 3482 
7814 7250 
638 4674 
9944 3376 
9666 8276 
9007 8412 

9453 5888 
9363 649 
3063 434 
8411 5612 
796 6841 
4622 8061 
265 7977 
8754 3609 
8140 5791 

1701 9470 
5625 9515 
6721 6263 
4190 3017 
5991 208 
7645 4998 
4973 7099 
7238 4336 
4100 301 

4771 2511 
2266 1919 
5704 6888 
9981 5970 
1217 5087 
5931 9357 
7230 7632 
8828 2855 
3500 5549 

5470 4042 
4918 7813 
4250 2563 
2811 5575 
6014 6401 
9912 6466 
3055 1035 
8977 5321 
2954 1034 

2209 9287 
3356 3427 
4374 9287 
2784 1604 
6919 1612 
811 419 
3513 2633 
4461 4783 
446 5064 

3699 9609 
6991 6065 
6011 3255 
2532 9066 
4290 1509 
4387 3597 
8895 6596 
2884 2251 
6375 7259 

1538 9160 
5215 4810 
7124 6027 
5229 6990 
8660 6043 
1773 5459 
7459 1824 
5068 4450 
7890 1079 

7706 422 
6497 8348 
8283 884 
1945 7179 
3833 4830 
9430 6560 
8441 7321 
5720 3656 
2131 9197 

6035 3712 
2539 1048 
6107 664 
6507 3566 
2489 1575 
4369 379 
9007 8427 
7153 5504 
6775 5436 

6389 5073 
2615 6574 
6255 8398 
3134 4696 
2071 5207 
4704 554 
756 740 
4266 3295 
8140 6726 

3959 4647 
6644 2800 
6222 7365 
3179 1581 
5792 332 
7086 8920 
2121 9827 
3993 1088 
2753 248 

9486 5887 
4944 7909 
7446 6000 
8463 8202 
3092 9082 
7849 1232 
2160 8161 
5879 8804 
961 8454 

6170 4141 
35 8314 
825 7121 
7234 2946 
3300 1227 
4035 6053 
1475 9873 
1941 2771 
7783 5739 

5124 2598 
294 8216 
8032 8143 
9449 192 
6304 1680 
8997 7266 
134 1519 
7759 6522 
9833 8584 

9995 7068 
7883 3296 
4647 1918 
9349 6123 
8143 7642 
5246 2278 
9734 6722 
4877 28 
4939 9261 

8171 740 
9454 4476 
2420 4803 
8094 8907 
6322 5853 
5429 2507 
789 1776 
9575 8672 
5072 575 

6942 774 
3050 5086 
4768 8296 
3716 4502 
5019 4945 
4530 6310 
4207 9054 
7050 13 
9882 9470 

4816 7976 
8377 7490 
181 158 
9997 970 
1935 5925 
5995 3359 
6500 9289 
4133 9550 
4375 5254 

4198 4444 
9756 5569 
9389 639 
1879 9948 
9693 5281 
9961 9575 
4752 4777 
3903 9481 
8619 436 

5992 4969 
1406 7927 
894 3753 
1286 3746 
3043 1772 
9648 3770 
7026 198 
8214 3134 
5768 3956 

3773 3999 
3904 9818 
9281 3866 
5745 385 
4995 6000 
6218 9967 
6436 2210 
4936 7843 
6489 5830 

7948 4128 
5928 991 
5900 5576 
1114 9278 
5774 9328 
2412 7894 
9636 2538 
1894 3541 
2356 7527 

3759 4454 
4264 5106 
454 482 
5073 6891 
9045 9 
1086 5534 
2191 9034 
9662 8119 
6378 1914 

47 7492 
1192 2174 
3172 9957 
68 2809 
2495 8314 
2702 1203 
2193 2813 
5657 6457 
7919 6112 

3292 2993 
9355 2337 
3002 441 
7871 1546 
5827 3886 
9665 2205 
5800 6065 
6049 3345 
8239 9222 

3302 4659 
8383 2149 
2974 1085 
9704 5167 
3898 5362 
7977 8169 
7826 1269 
1162 3533 
9958 517 

3974 4181 
2063 9801 
8067 8080 
8359 220 
497 4408 
3565 8736 
3630 6867 
9748 2013 
5368 2722 

9450 5072 
4241 9700 
6786 8570 
7870 4612 
9839 5384 
8145 6149 
2253 8471 
331 668 
4625 8398 

5101 2984 
8618 5598 
7392 8535 
687 7375 
1754 435 
5740 7122 
9509 5191 
2195 3750 
1243 8981 

8673 5465 
9946 4864 
850 4443 
1014 3103 
2915 1345 
3772 7540 
6095 5225 
6876 1066 
823 4268 

9601 1510 
1643 1356 
8297 7384 
8478 7806 
8927 7025 
7909 6522 
6007 6582 
1988 2305 
1446 9190 

6748 8812 
2293 6015 
157 2417 
9907 2605 
7642 6783 
3671 4818 
1052 9624 
2680 9047 
7332 978 

2783 2163 
5136 8062 
9188 9397 
4585 1547 
5979 2925 
204 3778 
2115 6953 
2590 4408 
9320 9100 

3178 9228 
8057 7172 
6011 1728 
1990 3415 
7704 1023 
8815 5037 
8353 1598 
7200 3489 
6013 2740 

2887 598 
640 5218 
3523 844 
5348 5638 
7797 4291 
6398 7118 
9743 5928 
2698 7800 
9453 8709 

5880 7795 
8477 3584 
8818 7292 
4973 7171 
5242 8525 
7013 1255 
7618 6252 
8205 8258 
7822 8080 

9102 3171 
3718 3252 
3814 6469 
6722 3557 
8749 5772 
7709 8202 
4481 3589 
5998 9310 
3525 4816 

6602 4851 
8340 8197 
9728 5353 
9452 7346 
1605 7658 
1956 9427 
5738 7411 
8950 5809 
7015 9116 

8630 89 
9025 7379 
5861 6734 
1934 342 
6675 7932 
6005 201 
9100 2607 
1404 7440 
804 1132 

2793 6609 
4831 750 
619 6787 
6530 2709 
4198 1832 
4870 1213 
949 3500 
7654 9974 
7232 3515 

6709 9166 
210 9736 
3450 6215 
9937 2550 
8822 7693 
9991 5979 
8826 9136 
8940 3657 
6239 9559 

6796 2769 
8620 995 
953 3491 
8560 1902 
3343 6215 
1877 6927 
9730 4938 
6093 9940 
4674 9543 

2507 964 
8446 7682 
8657 4789 
3661 3835 
277 8953 
3844 6516 
4864 641 
5637 3484 
7988 6591 

3327 6548 
4845 6671 
9115 3074 
3598 5198 
8012 6044 
1490 9039 
1939 3998 
6355 385 
1680 1364 

5174 1693 
1552 1804 
646 5396 
8320 5510 
6037 310 
5346 4025 
6901 8674 
6926 1746 
5345 2393 

4821 5295 
7591 9185 
1339 5434 
4576 9631 
5784 7283 
16 7464 
8648 1543 
5509 200 
3347 2507 

5596 8019 
8017 7986 
8329 9715 
8363 1582 
8389 1641 
3329 3734 
4035 4502 
5382 7978 
39 3073 

9764 4616 
2704 5548 
1899 2721 
9364 6899 
616 4873 
7099 315 
7380 9048 
8334 1749 
3386 3016 

1465 1749 
4598 6206 
3391 4279 
6293 3778 
8781 1675 
1756 8821 
4748 7873 
3437 7453 
3421 1688 

6526 2786 
8588 3494 
7659 2039 
3809 1392 
7439 8495 
9493 7177 
7863 7310 
8927 2462 
3517 8670 

6741 9810 
8800 1875 
1485 6908 
696 2585 
4781 485 
38 8203 
8525 6564 
7341 7113 
6410 5000 

5505 6571 
2744 9296 
5067 2238 
6474 9282 
9548 1753 
1744 9417 
6775 4838 
9227 5575 
6713 7064 

8835 3761 
9650 3617 
4246 9688 
8172 2771 
2605 5513 
6237 9015 
6865 8094 
5587 5962 
3742 7006 

4552 216 
6288 452 
8321 4385 
9870 5096 
9223 9097 
7023 2288 
6162 2211 
6049 2164 
5828 6647 

1852 352 
5770 809 
2217 8359 
9825 9082 
2805 1764 
1396 6548 
5122 5948 
3116 7762 
6401 1438 

2147 6271 
2886 7722 
1720 9910 
10 4234 
2121 2411 
6398 4301 
5410 8251 
1005 7533 
5412 3222 

5892 5237 
8656 5050 
3353 53 
1598 8475 
6001 4714 
6238 2402 
2504 4737 
5025 5391 
2460 6746 

5301 8822 
980 3774 
7586 3731 
4427 9348 
8334 5432 
6881 3746 
5006 2774 
8984 3662 
4176 8689 

3715 5774 
3517 6069 
6840 6107 
8471 9345 
844 9849 
4736 9656 
2947 6389 
4831 279 
6515 8769 

4010 942 
8117 2344 
2726 4999 
6091 7732 
4125 1427 
7746 8301 
116 1462 
427 9985 
7531 7267 

6092 2354 
6612 3289 
8555 7700 
9297 1502 
4089 4128 
1782 6956 
9249 5792 
4250 7367 
8137 6976 

8718 580 
1060 2843 
2007 8807 
7496 8475 
6621 7923 
8461 504 
1542 4553 
9210 4507 
7842 7766 

2207 7140 
5620 2649 
7620 7402 
9605 6870 
9547 3856 
589 4036 
7184 9307 
4616 4597 
8502 2975 

9756 2350 
1450 2729 
273 9911 
3233 8167 
4465 8795 
2674 8659 
2913 4882 
2151 8534 
3883 6124 

2288 3488 
9346 1835 
3696 9935 
2223 7233 
9242 6839 
8182 4096 
9814 7938 
6446 1265 
667 3071 

7528 252 
1238 1993 
9047 3913 
7005 1961 
5147 5508 
495 9030 
1632 9135 
8870 978 
971 2567 

7265 3194 
6152 6507 
6386 4334 
6955 2552 
8624 3401 
169 9291 
6472 7698 
5895 4063 
6043 4942 

7976 3048 
3255 9475 
4909 102 
8505 6541 
9238 7375 
3872 6561 
6294 1137 
6107 8798 
3997 2493 

9484 952 
1398 8108 
706 1567 
3751 3530 
5617 9646 
7593 1661 
941 1921 
1061 4196 
1396 5970 

651 6253 
8864 9889 
9981 9088 
6450 2627 
225 2557 
1426 574 
1403 7262 
7879 2801 
5371 8585 

720 5474 
2115 6338 
1473 6061 
7999 2414 
4334 5412 
2962 2083 
1383 3613 
8336 6599 
9854 4669 

5687 6304 
7297 5912 
8862 5075 
2839 6617 
2337 718 
9418 4060 
9303 6490 
9535 7770 
2828 7360 

183 7179 
9774 4518 
2592 9088 
6601 327 
9054 1289 
6926 8908 
5959 2613 
5213 9608 
4877 427 

4683 7716 
3396 3372 
8434 2814 
7433 4089 
9304 3320 
8212 8485 
680 8395 
5664 6806 
9265 4608 

5894 2218 
4935 1300 
3508 1861 
209 5819 
826 1774 
5427 2056 
8553 6462 
9772 1949 
9834 4559 

1115 7267 
5000 6771 
587 9564 
5256 1267 
4312 921 
4425 3577 
1881 6672 
5796 6817 
7972 5656 

5030 4533 
7827 2209 
2659 9606 
4265 1212 
6068 389 
9513 5902 
1300 628 
9522 6301 
3752 109 

2217 9008 
7729 6529 
6281 2154 
107 8163 
8826 2255 
4980 3151 
4263 6362 
7684 2090 
8571 344 

1696 2836 
7908 4116 
9578 3774 
18 878 
4402 5892 
3531 4506 
6002 5749 
3515 83 
2278 9796 

8589 8737 
4311 3768 
992 5643 
6919 1607 
2006 955 
49 6929 
1299 8097 
6118 5560 
2213 5696 

9334 8584 
2926 88 
4476 6458 
4595 6830 
8559 4462 
6913 837 
4258 1855 
9575 4922 
5623 6919 

565 8894 
8527 8923 
9849 8576 
2205 7501 
6674 8323 
9413 5239 
371 8747 
3823 3297 
5187 8300 

9755 9782 
5130 4666 
4244 8396 
5504 4855 
251 1431 
9777 2226 
4702 6694 
1120 3229 
1970 7321 

8158 4175 
4822 1184 
2498 4235 
6423 2869 
9334 247 
6166 4522 
4899 2274 
4304 6381 
6940 4901 

4777 8796 
9756 1380 
6579 5885 
9958 1282 
8931 1078 
4511 901 
8400 9021 
5076 9574 
205 3926 

162 6629 
3147 9496 
3228 5666 
4018 8127 
4292 4675 
4508 1232 
9576 5638 
6381 9332 
3370 2960 

1569 3329 
4242 500 
759 5106 
1402 5511 
4127 2830 
5086 4333 
3109 5248 
7314 6256 
4744 542 

8274 5115 
5021 2566 
9790 5881 
151 9366 
7871 6532 
5050 1242 
5844 6619 
923 87 
3471 1682 

1545 1225 
7194 5672 
408 2280 
6357 3517 
3880 3671 
6125 4976 
565 4400 
91 1938 
6966 6233 

7820 7117 
5599 5691 
1 7001 
3285 5846 
9972 4208 
2285 3444 
5891 3830 
1021 3085 
9502 1429 

1717 2212 
4946 1949 
5883 7424 
6925 2801 
1824 3369 
4739 8790 
9602 8911 
2260 1554 
955 2261 

4907 4240 
8107 4880 
8449 6744 
4676 692 
574 5697 
129 6429 
7127 8198 
8641 8425 
147 4524 

5849 3424 
3677 7673 
6793 4769 
2816 2748 
3680 5076 
654 4635 
3689 5561 
8876 8149 
6793 3677 

4893 1469 
4369 5468 
3519 4498 
1897 646 
9048 538 
5423 9195 
1414 1273 
2619 5092 
5298 5765 

9861 8114 
4865 9893 
9542 5519 
4529 3232 
7432 9757 
1381 4226 
3434 6274 
2047 4155 
8094 5566 

5005 9991 
2564 4053 
529 7988 
3248 8296 
5613 2219 
3388 911 
7984 9601 
5378 9201 
9494 1272 

4720 375 
856 8505 
132 2237 
9083 3566 
4864 1130 
7721 2958 
3049 9078 
9302 5613 
3131 9831 

9953 6379 
8127 5566 
4951 7867 
2830 9287 
3820 4560 
8489 9667 
5832 3209 
42 6689 
8066 175 

5278 7149 
93 6494 
8280 4167 
9453 1329 
3245 8755 
3294 6377 
4938 9600 
9108 9418 
5166 4059 

3637 4348 
3347 7458 
5260 1836 
3477 7445 
1397 3519 
4134 5816 
46 5764 
2965 140 
2259 7597 

659 8064 
5278 3904 
3171 8573 
6633 4461 
8173 2094 
231 9691 
2505 3869 
392 5852 
7679 5652 

4040 1156 
3097 1790 
4675 3583 
7606 1074 
5700 6923 
1214 4311 
4521 8225 
2375 9799 
8481 1898 

4724 5115 
6359 2897 
3561 2943 
8941 6066 
6812 5685 
1919 843 
1337 2311 
1999 787 
453 3026 

722 4411 
4100 6422 
1335 1666 
7085 2208 
9891 9460 
2007 4725 
7710 3084 
9840 422 
2333 3401 

3365 1274 
5819 6529 
6959 7738 
7372 4649 
6402 5723 
1788 3207 
5101 8862 
7619 9202 
1637 5306 

7220 8722 
7514 3464 
4535 5873 
8189 8597 
5309 4381 
9019 7643 
4134 8736 
8917 9953 
5265 2229 

4044 8989 
3230 446 
4712 1370 
5 9814 
232 7624 
5368 8221 
9282 8940 
6944 3148 
2404 7831 

5374 593 
6428 683 
4974 5448 
8326 9108 
4184 3596 
5414 5802 
2177 9458 
1143 1759 
9904 5856 

3129 6261 
2022 9713 
3886 3742 
7935 9520 
2682 1231 
2669 5087 
5414 4395 
2032 1842 
5078 3359 

3642 9757 
8819 4179 
3353 4233 
9981 1882 
3691 1124 
3641 9947 
3332 3122 
6209 1706 
9187 6447 

5448 3474 
5967 4483 
4705 4988 
5922 119 
5735 7954 
8314 814 
1313 1956 
6923 133 
6135 6628 

718 2468 
8510 4410 
3593 8503 
4357 3277 
1625 6918 
1336 812 
3365 6784 
4287 5685 
7619 5344 

7025 3541 
1816 2761 
1496 130 
9927 9161 
2086 6850 
5646 8222 
3478 6365 
690 8340 
7127 635 

6843 1484 
265 8468 
8403 1601 
5632 8120 
4737 6271 
3805 2357 
1616 831 
5898 3432 
9944 3746 

9914 9871 
2908 2000 
6721 4906 
6574 199 
1271 3617 
4891 8398 
604 1734 
6235 7221 
6554 990 

8822 2186 
5462 9912 
4810 9268 
2269 6426 
6451 4519 
6210 6395 
8266 2476 
6266 7526 
4476 9339 

8784 7403 
5890 56 
7372 781 
4806 7976 
2515 7393 
5198 9069 
4735 372 
7607 198 
284 2417 

5818 8905 
5195 8621 
3425 7757 
5016 8043 
233 7634 
1921 1062 
6973 705 
8465 2863 
7113 5837 

3644 8272 
165 2511 
2017 1715 
1580 6753 
2088 5539 
3303 2372 
4309 9121 
7630 9504 
7742 7407 

3614 9110 
5450 199 
6744 3723 
1261 69 
780 6078 
9284 7894 
8267 2928 
2518 8433 
5439 4535 

148 3371 
7640 8588 
8910 943 
7313 3219 
64 4943 
9076 4158 
2350 2690 
3268 4152 
2889 6364 

4227 503 
2785 5007 
6581 2069 
9253 1201 
1349 1771 
9634 3140 
2659 6134 
2863 299 
1075 8126 

7595 8388 
7697 7659 
3331 6773 
8170 2033 
5815 7790 
2537 5057 
507 6764 
1912 3292 
8123 4845 

1714 7377 
6046 3063 
9148 2032 
2556 8159 
4519 5419 
8459 5594 
3545 6054 
3982 7595 
65 3665 

4368 4587 
2050 6536 
2378 4587 
7945 2885 
7703 9857 
2529 5826 
4702 4243 
3203 749 
3659 8704 

9133 2567 
6863 3652 
4338 1674 
9246 4236 
4080 9580 
1831 498 
3245 6199 
5085 5295 
9087 3815 

6234 7032 
3052 3937 
6889 1934 
6116 7944 
2529 9319 
8693 2540 
8023 7826 
5107 1239 
7831 9446 

9265 7077 
34 3346 
6658 1865 
3844 6255 
4416 5281 
7903 3504 
5449 4137 
6888 8501 
4427 3778 

435 543 
1722 2965 
6214 6767 
5505 590 
945 6965 
1829 8776 
2763 7446 
2206 2797 
792 8864 

4662 988 
1471 9078 
2622 9374 
8934 8071 
9864 5823 
2924 643 
5953 3360 
7538 4027 
2677 3752 

794 4534 
4342 8091 
7851 2523 
6868 614 
9970 9074 
3411 7114 
4290 4425 
8103 5761 
9856 725 

1488 8790 
5148 7704 
965 8072 
8347 6918 
7784 5885 
945 6813 
9637 8091 
7700 332 
6183 5551 

2855 3051 
6166 9177 
8477 5929 
6292 9119 
6707 4395 
1232 6563 
1472 2720 
1705 2972 
6776 2671 

7396 5123 
5941 5181 
7360 3239 
8346 3350 
1330 6046 
3682 7513 
1598 2889 
6916 4116 
2067 1745 

6397 4711 
864 3104 
5458 2097 
6019 6930 
1169 7725 
6254 7946 
6748 3650 
9421 9041 
8831 6782 

2280 3530 
6484 3611 
9576 166 
1124 1174 
9407 4393 
1642 7826 
6138 8040 
2537 7003 
7496 7995 

5452 3516 
1277 6621 
7593 3883 
919 4341 
7534 6693 
3382 2717 
3475 2015 
6247 9959 
5626 5824 

6477 3102 
3350 2236 
7495 4993 
63 3634 
9385 8952 
6989 6881 
3300 2441 
6749 4577 
5414 4342 

8461 2686 
5035 2347 
9379 4770 
5064 9206 
6785 1312 
9165 2411 
3488 1994 
5513 6838 
4230 9361 

8183 645 
9347 3920 
5950 6336 
7154 9250 
5129 3903 
3827 6895 
8246 8640 
9581 9633 
987 8960 

4403 2404 
4518 1188 
3716 35 
9951 3556 
2029 5465 
6746 2612 
1178 1282 
9609 525 
5202 5559 

6861 2356 
4809 8342 
6260 4989 
5237 858 
3629 1171 
491 969 
131 4895 
3373 4650 
2435 3441 

1037 2387 
3349 3067 
4204 95 
2031 5382 
1377 1640 
5907 6580 
3552 9120 
5288 8361 
7462 7900 

9702 9051 
8758 9684 
222 5602 
653 6706 
497 378 
7708 9284 
171 8745 
1671 3520 
1812 5875 

3615 195 
1257 1345 
8188 3516 
7925 1740 
2636 9565 
6453 6450 
7466 6156 
5502 6224 
2192 5724 

1826 2845 
2430 8675 
9575 138 
4312 9746 
8884 5983 
3266 7048 
8211 3233 
3596 5820 
4578 1784 

9337 8855 
9876 8325 
8421 6329 
4776 5887 
8837 278 
8463 7381 
2354 6642 
226 4785 
1669 6153 

1275 5981 
5899 6511 
8317 5517 
9912 6528 
8751 3508 
2348 3329 
5292 8037 
8537 1520 
6363 3310 

4201 1139 
5549 9391 
7769 4012 
6772 123 
7006 6999 
1260 5028 
9504 8888 
7361 5404 
5399 5678 

7273 5311 
2206 6024 
8819 907 
5706 463 
8944 4243 
1983 5307 
3905 6185 
2798 9454 
5576 567 

3466 8700 
691 6825 
2051 8303 
1853 1556 
7191 9214 
3312 2591 
1245 585 
4254 9803 
6610 9426 

710 8668 
6241 6007 
9263 4577 
7666 3168 
7114 465 
2622 9042 
1032 2440 
7742 8075 
9265 9794 

6379 7470 
1350 9922 
3037 4662 
2513 4282 
5247 3120 
437 8209 
2546 1148 
6877 8787 
3507 6140 

9716 1173 
9308 6830 
1638 8282 
5872 9023 
723 3615 
3450 6340 
3409 9829 
163 4759 
6104 3200 

5773 4969 
3834 1020 
8089 4271 
9230 6987 
1771 2459 
2127 5278 
8600 1843 
6452 4260 
8674 4442 

8895 4546 
9817 9618 
4513 3268 
2310 7922 
9449 2473 
9033 5553 
5673 4806 
523 5859 
2179 4964 

131 7761 
1952 1902 
220 4079 
3533 5172 
2274 6337 
5785 948 
779 4680 
1847 597 
650 2712 

217 2960 
635 9666 
5434 6020 
5220 7459 
7179 2095 
3319 5710 
7059 3450 
3471 9011 
1704 43 

9442 5237 
1568 1717 
1574 7353 
9017 8706 
8385 7216 
5655 5387 
9929 5872 
8347 6916 
5538 3781 

2936 7110 
1241 6467 
5557 912 
2177 2617 
4362 5648 
7980 6066 
2044 3775 
7656 3612 
1844 9230 

7317 861 
4288 2054 
4430 9943 
7441 4359 
2167 5788 
1275 7706 
5922 563 
1168 3515 
7031 3078 

4427 9208 
5695 5141 
1209 27 
7559 9605 
154 5215 
3217 1998 
798 6886 
9212 5086 
5292 3642 

1382 2733 
4353 3549 
4873 5628 
7607 7147 
2543 5128 
7014 9574 
8206 7793 
5135 253 
2934 2696 

280 6846 
2301 435 
8413 1870 
2433 9211 
5108 7997 
650 400 
1639 8384 
9485 5992 
1933 710 

7972 9541 
7858 6868 
4669 1224 
2794 9227 
9018 7929 
9480 8304 
625 9760 
5150 9278 
6547 9916 

1148 5333 
9127 6256 
3330 6129 
6656 1322 
4513 2493 
3666 2799 
3204 1639 
2340 7414 
4859 3361 

8638 7653 
2588 7656 
1935 8420 
2313 8912 
8180 7463 
8191 1080 
7379 9339 
6413 2859 
1948 6095 

5340 4956 
7417 6206 
7450 7436 
9005 654 
5427 7697 
4420 286 
1058 3058 
7939 9998 
715 9874 

8418 9380 
8787 2950 
6843 6978 
382 575 
2669 3147 
9786 4617 
9243 1478 
5926 3012 
7684 3376 

448 3041 
382 5875 
738 4802 
2513 8148 
4212 453 
8146 1279 
327 2916 
659 5466 
2219 3855 

8796 2601 
4430 1466 
5749 568 
2435 1344 
8398 8361 
708 6083 
8089 1157 
9124 4823 
3384 6215 

9625 5898 
4363 3838 
2703 2510 
5117 9382 
1778 2129 
4849 3997 
5984 3645 
2951 6766 
1463 5052 

7334 251 
6396 2084 
8612 7104 
4519 3054 
4613 3644 
7877 4350 
6211 3855 
6600 574 
4045 9303 

9436 5514 
8685 1215 
7643 9886 
1564 3627 
3532 4515 
393 1347 
9567 4079 
1598 2315 
6164 6563 

9420 683 
5969 385 
679 3846 
4735 6890 
7701 1335 
7465 8098 
638 6901 
3613 5676 
4468 1256 

5562 6033 
1236 9094 
6900 1629 
6794 6468 
5709 4744 
8783 8225 
1307 4555 
8908 7276 
4941 5940 

7475 6028 
9182 1528 
7364 6647 
9627 4354 
9901 9592 
30 4369 
7200 5593 
6754 8436 
1039 3655 

66 7833 
6475 2127 
8930 5258 
6704 237 
6166 1964 
3866 1107 
7904 7693 
7135 7087 
5573 851 

86 5200 
5206 6339 
1144 5236 
709 8345 
7181 3815 
6781 8221 
7470 3199 
2406 3945 
1678 1336 

5556 8382 
7926 1722 
6699 8144 
9181 955 
5837 6316 
4394 1410 
3520 4481 
2963 8726 
820 459 

314 7881 
8804 7496 
8049 1938 
2069 5519 
5137 4475 
5817 3168 
2164 1373 
7902 90 
9447 4601 

8234 8628 
5557 423 
1296 9951 
8185 4816 
784 7500 
9894 7957 
7960 6561 
2190 3116 
4057 239 

5054 2478 
2111 192 
3305 7928 
3360 5469 
5653 7614 
5559 5100 
2216 145 
3728 4125 
6920 1376 

4076 1458 
6193 1213 
8958 2439 
9170 3270 
9000 7712 
6387 9409 
7952 1441 
1887 6415 
1633 5193 

4343 1345 
7014 6348 
8960 2574 
1448 7528 
9071 1528 
1653 5992 
2904 2081 
7450 5449 
3294 2760 

7889 8816 
6031 3241 
6529 2418 
2651 833 
3859 890 
7248 1845 
2435 1591 
9542 9450 
7939 4854 

8376 5739 
2382 7447 
7267 4035 
9791 6523 
2469 3593 
1973 5763 
6354 6214 
932 8737 
9455 7461 

1155 2106 
8294 1366 
9349 1894 
9563 1784 
9837 9106 
1234 4128 
312 9610 
9867 2695 
3410 3486 

3082 3201 
9 5551 
6795 8334 
7667 9501 
900 8599 
4590 356 
2412 5745 
8814 706 
3463 8163 

8952 9379 
6300 8789 
8485 7534 
2917 5149 
7145 9136 
7844 555 
2622 927 
108 8983 
2830 3255 

3670 497 
9108 4570 
9096 3698 
1278 1508 
5795 6445 
8566 9259 
4608 7518 
4990 908 
2659 9827 

4795 5576 
4976 8292 
4712 2821 
5199 3686 
100 5307 
9022 2930 
4915 2692 
9780 4023 
3614 8876 

7722 4893 
6737 3517 
1338 1655 
9128 2298 
5526 4118 
9559 8185 
3945 4354 
114 5274 
2646 1178 

8095 4197 
4865 8195 
9504 239 
7477 771 
2931 7257 
4795 6545 
2486 8869 
7790 9223 
8738 5480 

7230 4219 
7779 2756 
4689 3690 
7294 4987 
8044 7408 
261 7042 
4938 8356 
7591 6155 
2903 7095 

6394 380 
4219 9325 
3990 9014 
2223 6476 
7883 6365 
2051 2973 
1846 9281 
7192 5977 
8390 1882 

9667 5684 
6869 4063 
9444 7130 
7457 4382 
1838 5048 
538 4741 
8495 3284 
1473 2714 
2610 1815 

1728 1185 
8291 5963 
7550 6694 
5289 5748 
5976 2481 
1725 718 
715 1392 
6402 7584 
1807 2198 

1066 9264 
2932 2904 
4312 3470 
3997 9160 
6755 1823 
1874 5717 
3638 9955 
3254 1930 
2270 7156 

4976 7559 
2905 952 
6393 982 
8022 7108 
8727 776 
4693 534 
2974 2111 
9799 5907 
1368 463 

5729 5365 
9623 8836 
7188 1498 
905 827 
7805 4159 
9109 75 
7668 4085 
3987 6925 
1390 380 

7907 9412 
7488 6634 
189 8533 
7169 9515 
6997 3320 
1774 8365 
3783 7504 
3730 9759 
6340 919 

1257 3598 
8098 5414 
4109 7207 
1841 1777 
7644 5828 
8702 9034 
6208 6610 
8447 49 
9596 4988 

4934 6765 
855 1931 
85 2630 
296 221 
134 379 
9980 2826 
7650 7589 
6424 5748 
3003 534 

9307 4844 
8663 6951 
7025 7366 
5986 9585 
328 785 
9634 9924 
2125 921 
3042 2980 
2852 9479 

5610 9501 
9700 2096 
9880 6032 
1275 7530 
3621 4051 
9630 2976 
4585 8937 
4173 9601 
2240 1198 

3319 8226 
783 3647 
5363 6770 
9923 7488 
7691 9317 
6821 6895 
8797 8783 
6396 4849 
880 6276 

7234 8507 
158 855 
2558 9788 
184 3496 
5077 4357 
3097 7318 
5555 6416 
1896 2690 
6415 3612 

9460 2690 
7452 3503 
2008 4273 
399 7157 
9409 6795 
8358 289 
9424 5592 
5148 5934 
2800 7706 

2075 2984 
1202 7152 
7341 651 
822 9248 
3419 2719 
1938 9834 
6331 7751 
2525 3783 
1254 885 

4409 1653 
8042 3818 
4801 6400 
459 577 
1993 5607 
6511 4793 
9665 8586 
4129 868 
2091 1470 

7871 2913 
7070 1291 
5632 9008 
1125 8315 
3111 2 
8451 4366 
887 2860 
2371 8929 
3030 7172 

1682 3489 
7749 27 
9096 613 
1172 8761 
9199 5301 
5981 1290 
3123 3853 
4204 193 
1496 6188 

5553 2621 
856 8665 
8976 5659 
9383 9863 
8519 1754 
5145 1549 
5279 3179 
1390 9380 
3206 6838 

9993 4378 
1951 9193 
6031 7933 
6835 9154 
8138 7391 
9347 5986 
3580 1252 
4959 788 
9917 3935 

6447 9300 
3799 1318 
7407 5296 
9219 2686 
8475 609 
2066 8033 
7447 8412 
8763 9398 
7605 4794 

3683 4440 
3948 8173 
8184 9647 
4159 8116 
899 9119 
8904 7169 
9406 1703 
2821 3205 
3021 228 

4853 2240 
9266 3328 
9201 7685 
1361 6648 
6097 124 
2398 54 
1270 2434 
846 1570 
6959 9030 

7569 1119 
7146 4821 
6590 6050 
1990 5996 
4105 1163 
5554 7126 
1392 6759 
5718 7010 
88 4919 

1047 7801 
1567 7144 
4278 318 
3550 5548 
2752 4397 
3471 9711 
3427 1040 
7182 6926 
5861 124 

9328 4203 
2473 3434 
5367 4379 
560 3111 
1138 6279 
121 7578 
1198 1169 
5380 9118 
4665 6010 

5788 8216 
7910 8540 
8965 1381 
4603 8744 
2422 8138 
5670 4635 
8262 1351 
8839 7087 
4785 4206 

1466 1697 
7317 8957 
4328 3790 
6535 1879 
4959 8267 
997 5977 
4277 6785 
545 2188 
1677 9510 

3569 2632 
4606 2343 
770 277 
6979 5385 
7980 5818 
2472 2765 
24 291 
4462 3693 
9248 5143 

7483 5783 
7022 8795 
4051 4371 
4772 8328 
1156 1669 
6868 9185 
7531 438 
1817 2137 
9133 2588 

8766 6112 
4325 6746 
1930 6797 
9511 8306 
7088 326 
1999 2688 
5469 9483 
4824 2491 
8278 8875 

3214 9402 
3555 4370 
1071 6776 
9907 8602 
3566 1724 
739 2699 
664 9506 
8812 4989 
6252 7094 

8139 2116 
5401 1579 
2442 7400 
4268 4263 
3235 9092 
3106 7865 
4319 6320 
7267 4226 
7042 4690 

1002 6949 
3292 4568 
5025 384 
3620 2042 
6242 2432 
3383 8846 
5878 1522 
962 1279 
9454 9756 

5032 3722 
371 4619 
9166 9829 
2485 9837 
6149 9752 
4063 9543 
795 1418 
2844 439 
5986 4222 

823 5958 
6264 3417 
8390 5999 
2264 621 
3874 9578 
1900 3328 
5687 3284 
3402 6058 
4256 8920 

5888 6741 
8757 8389 
2845 9172 
7933 3640 
590 7129 
4080 2929 
1351 1255 
8887 3967 
4673 3630 

9967 3289 
4251 3841 
9219 2503 
3521 4906 
2140 6923 
7317 6396 
2195 9557 
3137 952 
7946 2334 

124 2231 
5975 715 
9361 6407 
9996 7064 
4014 8883 
1032 5039 
8865 7351 
8328 3116 
7544 7548 

5620 1065 
8806 7760 
4340 6123 
508 6535 
5680 3645 
7487 9979 
2331 3963 
8562 4658 
1030 4275 

1065 1026 
1340 5080 
6262 8724 
119 5127 
6075 4800 
4596 3619 
8700 216 
1036 7506 
4328 5376 

3630 1188 
1911 5662 
4833 5750 
5641 3516 
6065 4204 
8175 7096 
4831 9240 
4474 6171 
672 7088 

4895 7144 
2216 7322 
1944 6812 
941 644 
3380 1977 
4502 4060 
3705 8132 
5248 1968 
3795 6433 

7718 5788 
9949 136 
6344 4476 
7232 1176 
3717 8058 
3699 741 
5147 8595 
7885 3715 
5917 6181 

527 3211 
3177 259 
1540 7680 
671 5246 
5812 2271 
7214 5959 
5056 1285 
8100 1357 
1421 796 

5834 5005 
1972 5903 
3063 5672 
6644 4562 
619 882 
8277 2888 
7063 5156 
6099 241 
1767 7640 

7921 2438 
2886 85 
1061 6452 
2397 6117 
7737 6849 
7475 9158 
7645 3309 
515 9618 
9212 9931 

1642 2208 
4493 2261 
3090 2771 
1501 154 
7927 7601 
6747 6047 
1593 1020 
8485 831 
1105 9547 

7283 9854 
2016 1373 
6703 9491 
6883 4349 
9152 7399 
319 8364 
7330 1961 
573 8175 
574 3663 

946 2075 
169 5226 
6028 6916 
1273 7621 
7936 6110 
4804 5394 
2009 8440 
5248 4026 
9813 8304 

3517 6696 
2653 9022 
447 2972 
7386 4129 
4933 4311 
2305 1859 
4327 3251 
3934 4496 
4829 9963 

7765 2454 
3936 5701 
8565 8741 
7447 6926 
7181 9048 
952 3346 
7352 822 
6394 5 
9844 6842 

9329 3582 
7323 614 
4246 9628 
2473 8573 
9232 6407 
9421 4061 
2722 7186 
2868 6659 
9240 1433 

1752 3039 
4711 5285 
2087 5664 
8631 9439 
2838 1377 
5796 9034 
4571 1477 
2616 1895 
2091 3214 

1523 916 
1787 755 
7324 7561 
1169 6398 
1099 4037 
3057 6691 
1822 4809 
9731 6533 
6446 8170 

8549 5077 
7610 7739 
6455 9758 
6773 7378 
1236 5742 
9273 9679 
8956 797 
596 7096 
7904 4272 

4657 9073 
670 2108 
9462 80 
8800 7636 
1241 8531 
4170 7688 
3053 9071 
9117 663 
6811 1924 

6774 9936 
9303 4362 
5678 8576 
4041 987 
5725 989 
8083 3630 
5261 9092 
9055 2284 
1200 8518 

2364 6352 
6154 3605 
1235 6676 
1293 4289 
2100 411 
1304 8911 
8687 8078 
5199 7990 
8792 7230 

6567 9186 
8217 2292 
175 2652 
2274 1789 
1744 1330 
4073 9296 
6200 2789 
5649 8706 
6394 3236 

1735 4040 
7525 3835 
803 8830 
9098 9490 
3260 4297 
7481 2053 
1527 400 
1239 6096 
2692 7766 

8748 1319 
9555 6844 
2649 9980 
6141 5201 
2769 8142 
259 5516 
1378 1994 
9556 8904 
5829 359 

4086 1279 
6201 7346 
1929 3682 
5751 3456 
4082 3342 
5905 3127 
1109 4653 
4446 7016 
1498 3447 

3349 3991 
5000 6118 
8485 5259 
7986 6215 
3606 7542 
1471 9435 
4253 5557 
7067 455 
9256 8996 

