Translation # 0
2043967 1607855 2785071 3097173 719 
1846616 1589128 2719372 2488386 -5089 
1682535 1416360 2786161 2550330 8178 
1448131 1716047 2586450 2542620 -2149 
1393408 1860972 2478599 2654799 -3862 
1345760 1584449 2313012 2638335 -8651 
1457164 1356388 2862346 2339790 -2664 
1831695 1833338 2799005 2811749 -493 
1570676 1422869 3003959 2793939 802 
1559718 1427215 3087800 2244636 -7909 
1569130 1733546 3147244 2524508 -54 
1754006 1287854 2684334 2181649 -2571 
1409686 1441202 3412489 3128536 -1438 
1703567 1642396 2514755 2581417 6163 
1593738 1253143 2132805 2825864 -2384 
2135184 1727195 2548164 2623408 1119 
Translation # 1
1540432 1910255 2247959 3249351 691 
1399535 1897973 2779288 2398467 6906 
1581531 1668141 2624954 2617342 5245 
1814132 1562943 2322819 2989490 6530 
2120063 1690780 2961712 3205708 -3119 
1755082 1179992 2483761 2286904 4117 
1965701 1757411 3228879 2569860 5868 
1866766 1667560 2592044 2540054 6000 
1435963 1289113 2948905 2488767 3693 
1735136 1826736 3025244 2951126 3875 
1645613 1796270 2802457 2707093 12642 
1594061 1490164 2528811 2596653 10148 
1596135 1752752 2643343 2486430 6453 
1708412 1482073 2782728 3027653 4135 
1260376 1665688 2728277 2924090 11960 
2135716 1845529 2618178 2764456 183 
Translation # 2
1886648 1645495 2874457 2069431 -686 
1379967 1248347 2498171 2531127 3465 
1345681 1682950 2910188 3065014 7332 
1644863 1685255 2969970 3115615 9950 
1787307 1574762 2616098 2520296 12477 
1630149 1450453 2120545 2045541 1453 
1500363 1545896 2920371 2753698 12919 
1744234 1934724 2233011 2555700 -3987 
1848943 1621799 2530659 2890045 8942 
1684592 1514074 2517585 2718542 10287 
1702689 1908169 2537961 2664403 4577 
1864243 1862557 3059511 3020899 4951 
1909071 1665229 3008639 2851783 -2501 
1599173 1454630 2167933 2986117 -5330 
1723044 1356567 2381569 2697387 13393 
2116972 1754490 2550120 3189336 2108 
Translation # 3
1612138 1782489 1828993 2717225 10591 
1539082 1385340 2947684 2446742 1868 
1607252 1870129 2495452 2761180 11096 
1646376 1565894 2804632 2144907 7095 
1499639 1494080 2956191 2576190 6355 
2031108 1934118 2886680 2815626 7295 
1569977 1323524 2902884 2733111 6925 
1643468 1384310 2112962 2912361 10066 
1445435 1636555 2062848 2344418 8043 
1632924 1918727 2839262 2489266 2518 
1719280 1587997 2445243 2404053 13883 
1909240 1768336 3119974 2922427 9822 
1890032 1686982 2495702 2536816 321 
1769882 1825326 2389360 3122320 10340 
1415929 2090846 2777364 2693372 3388 
1721079 2006625 2423179 2960200 4803 
Translation # 4
989453 1012986 1807828 1793151 7772 
1426433 1095959 1852960 1636257 9459 
1533004 1209190 2308707 2093518 10942 
1511344 1167159 2198224 1995316 8793 
1319212 1201962 2260589 2272723 1349 
1520143 1420904 1902808 2570469 4432 
975750 1207813 1851543 1982117 -1769 
1591278 1085351 2408106 1438195 14403 
1420750 1245283 1769797 1959111 14194 
897098 1471496 2147553 2062180 12656 
1169765 1439258 1721784 2621756 12370 
1406192 1407698 1903148 1992688 2249 
1455013 1533457 1542825 1962979 1991 
1324652 1304367 2193689 1533617 -5828 
1594004 1061889 2258770 2098195 5008 
970313 1296775 2277457 1984053 7829 
Translation # 5
1370558 1191412 1773709 2326497 7856 
1445168 1322387 1798395 2486525 8136 
1078185 1292705 1986882 1974694 5598 
1505808 1445375 1968100 1565008 -5401 
1439091 1157885 2405154 2049895 11892 
1279322 1463551 1919340 2105352 2794 
1539220 1549619 2331518 2148525 -521 
1405408 1114790 2007088 2360386 6627 
1569758 1489351 2131797 2249281 1926 
1291461 1364040 2263978 2223024 12689 
1350149 1467322 2038796 1666014 4375 
992722 916114 2250397 2211520 13709 
1517051 1232406 2019693 2255624 9636 
1454511 1079880 2004939 2344044 4420 
1286731 1403368 1942826 2026363 1522 
1048077 1255121 2046801 2052616 2878 
Translation # 6
1267438 1394540 1981494 2193224 819 
1437830 1203271 2050864 2003046 7373 
1453174 1376866 2186779 1965815 -322 
1240053 1298151 2198137 1678533 2538 
1133494 1313212 1833910 1846220 2055 
1518936 1395064 2229227 2141608 11626 
1148880 1023993 2415981 1823092 -1219 
1140666 1194441 2755400 2096521 7451 
1101633 1319718 2176097 2395953 13569 
1431383 1244316 2125513 1724478 5941 
1170861 1313183 2123298 2457757 12376 
1425348 1317513 2113074 2109454 6846 
1278795 1331269 1989765 2593275 513 
1294135 1357622 2011654 1954654 -1338 
1597570 1282087 2869451 2480182 1096 
1355451 1192589 1944298 1958742 2308 
Translation # 7
1611091 1308378 1950220 1776872 7015 
1492791 1144147 2123796 2095892 9449 
965559 951473 2249651 2254941 8888 
1164541 1297496 2142241 1957793 1871 
1267245 1367515 2199755 1982341 -1613 
1219711 1252041 2210038 2166780 10736 
1309878 1191999 2405136 2160204 6766 
1601943 1455428 2094274 1576462 1699 
1282020 1109864 1830746 2180195 9775 
1357453 1362369 2078408 2520219 5768 
1201559 1328475 1879264 1952030 1804 
1255460 1421441 1885688 2058962 5397 
1361093 1393698 1892577 2035247 7265 
1240439 1369568 2367272 1794651 15177 
1377200 1396332 1699385 2359902 9540 
1447679 1360709 2132844 2030221 10395 
Translation # 8
919239 1144012 2072949 2142118 14986 
1332631 848359 2014065 2225957 11217 
1200788 1102982 2551587 1784395 2891 
955006 1236415 2062263 2203274 5304 
1105615 1024364 1988856 2221737 3348 
1245143 1377493 2414980 2239746 -5322 
1241113 1151576 2336285 1982733 19453 
1190488 1590576 1836652 2160273 -74 
1389478 1635838 1824352 1809103 9983 
1354951 1078935 1942949 2364285 11602 
1254721 1200681 1874338 2248881 1943 
1309380 1284511 2145552 1991126 9925 
1326549 1503178 2147337 2161715 378 
1358937 1365855 2581576 2500956 2645 
1154574 1552009 1951445 2376878 13235 
1104007 1195414 2144251 2485586 15944 
