Translation # 0
-2043967 -1607850 -2785062 -3097158 -710 
-1846616 -1589124 -2719372 -2488386 5097 
-1682532 -1416355 -2786157 -2550320 -8177 
-1448131 -1716042 -2586438 -2542608 2163 
-1393402 -1860967 -2478592 -2654793 3865 
-1345754 -1584444 -2313009 -2638323 8664 
-1457164 -1356383 -2862338 -2339790 2670 
-1831693 -1833333 -2798999 -2811738 497 
-1570675 -1422864 -3003959 -2793938 -795 
-1559711 -1427210 -3087795 -2244624 7921 
-1569123 -1733542 -3147240 -2524504 56 
-1754000 -1287850 -2684328 -2181643 2576 
-1409687 -1441203 -3412490 -3128537 1453 
-1703560 -1642391 -2514753 -2581413 -6163 
-1593738 -1253143 -2132796 -2825855 2395 
-2135176 -1727190 -2548150 -2623399 -1109 
Translation # 1
-1540425 -1910250 -2247947 -3249339 -688 
-1399531 -1897968 -2779285 -2398456 -6891 
-1581528 -1668136 -2624941 -2617333 -5241 
-1814125 -1562936 -2322808 -2989479 -6516 
-2120061 -1690775 -2961710 -3205698 3121 
-1755079 -1179992 -2483752 -2286895 -4106 
-1965694 -1757406 -3228868 -2569859 -5868 
-1866760 -1667555 -2592038 -2540046 -5992 
-1435956 -1289113 -2948899 -2488761 -3692 
-1735129 -1826731 -3025237 -2951120 -3869 
-1645605 -1796270 -2802455 -2707091 -12632 
-1594053 -1490159 -2528796 -2596641 -10139 
-1596136 -1752753 -2643344 -2486431 -6441 
-1708411 -1482068 -2782719 -3027648 -4128 
-1260368 -1665683 -2728273 -2924088 -11947 
-2135713 -1845524 -2618178 -2764444 -178 
Translation # 2
-1886641 -1645493 -2874449 -2069426 693 
-1379962 -1248342 -2498160 -2531116 -3462 
-1345677 -1682950 -2910184 -3065010 -7322 
-1644855 -1685253 -2969969 -3115604 -9949 
-1787306 -1574760 -2616085 -2520286 -12475 
-1630144 -1450453 -2120537 -2045533 -1445 
-1500362 -1545894 -2920357 -2753691 -12904 
-1744235 -1934725 -2233012 -2555701 3999 
-1848938 -1621797 -2530648 -2890042 -8936 
-1684591 -1514074 -2517575 -2718532 -10282 
-1702684 -1908167 -2537961 -2664395 -4568 
-1864239 -1862555 -3059505 -3020892 -4940 
-1909067 -1665227 -3008624 -2851779 2515 
-1599170 -1454628 -2167923 -2986108 5343 
-1723039 -1356565 -2381562 -2697380 -13393 
-2116966 -1754488 -2550116 -3189334 -2104 
Translation # 3
-1612138 -1782483 -1828986 -2717219 -10588 
-1539074 -1385334 -2947674 -2446739 -1868 
-1607249 -1870123 -2495443 -2761176 -11084 
-1646374 -1565887 -2804622 -2144897 -7090 
-1499635 -1494074 -2956180 -2576178 -6351 
-2031109 -1934119 -2886681 -2815627 -7288 
-1569974 -1323518 -2902870 -2733106 -6914 
-1643466 -1384308 -2112956 -2912355 -10065 
-1445432 -1636548 -2062844 -2344414 -8041 
-1632923 -1918721 -2839258 -2489258 -2503 
-1719278 -1587991 -2445237 -2404053 -13875 
-1909235 -1768330 -3119962 -2922414 -9809 
-1890030 -1686976 -2495701 -2536806 -311 
-1769878 -1825319 -2389348 -3122308 -10331 
-1415925 -2090840 -2777349 -2693367 -3382 
-1721077 -2006619 -2423174 -2960195 -4789 
Translation # 4
-989447 -1012978 -1807817 -1793140 -7764 
-1426428 -1095951 -1852953 -1636250 -9456 
-1533004 -1209186 -2308703 -2093504 -10931 
-1511339 -1167154 -2198211 -1995303 -8786 
-1319207 -1201958 -2260584 -2272716 -1337 
-1520142 -1420900 -1902801 -2570468 -4431 
-975745 -1207809 -1851535 -1982109 1784 
-1591273 -1085347 -2408093 -1438180 -14393 
-1420751 -1245284 -1769798 -1959112 -14189 
-897095 -1471492 -2147542 -2062180 -12647 
-1169759 -1439254 -1721775 -2621745 -12368 
-1406185 -1407694 -1903146 -1992684 -2245 
-1455006 -1533453 -1542819 -1962971 -1977 
-1324646 -1304363 -2193677 -1533609 5834 
-1593997 -1061881 -2258766 -2098191 -4995 
-970311 -1296771 -2277454 -1984040 -7829 
Translation # 5
-1370556 -1191406 -1773695 -2326494 -7849 
-1445166 -1322379 -1798395 -2486525 -8135 
-1078184 -1292699 -1986874 -1974679 -5589 
-1505804 -1445369 -1968089 -1564994 5416 
-1439088 -1157879 -2405154 -2049894 -11887 
-1279317 -1463545 -1919328 -2105339 -2782 
-1539218 -1549613 -2331514 -2148525 525 
-1405408 -1114784 -2007082 -2360376 -6625 
-1569753 -1489345 -2131790 -2249275 -1915 
-1291454 -1364034 -2263976 -2223016 -12679 
-1350144 -1467314 -2038790 -1666008 -4361 
-992720 -916112 -2250383 -2211506 -13706 
-1517049 -1232400 -2019680 -2255611 -9630 
-1454512 -1079881 -2004940 -2344045 -4412 
-1286724 -1403362 -1942821 -2026350 -1509 
-1048070 -1255113 -2046793 -2052608 -2878 
Translation # 6
-1267433 -1394540 -1981484 -2193214 -818 
-1437827 -1203270 -2050860 -2003033 -7371 
-1453170 -1376865 -2186765 -1965812 325 
-1240045 -1298150 -2198128 -1678526 -2524 
-1133492 -1313211 -1833902 -1846215 -2047 
-1518931 -1395063 -2229216 -2141598 -11620 
-1148872 -1023992 -2415980 -1823088 1228 
-1140667 -1194442 -2755401 -2096522 -7438 
-1101626 -1319717 -2176092 -2395941 -13562 
-1431381 -1244315 -2125498 -1724471 -5936 
-1170856 -1313182 -2123295 -2457755 -12376 
-1425342 -1317512 -2113064 -2109454 -6842 
-1278793 -1331269 -1989760 -2593270 -503 
-1294127 -1357622 -2011650 -1954650 1353 
-1597565 -1282082 -2869448 -2480179 -1085 
-1355446 -1192588 -1944291 -1958735 -2296 
Translation # 7
-1611084 -1308372 -1950212 -1776864 -7000 
-1492790 -1144141 -2123796 -2095884 -9440 
-965558 -951467 -2249642 -2254935 -8884 
-1164537 -1297490 -2142237 -1957791 -1865 
-1267240 -1367509 -2199753 -1982329 1614 
-1219703 -1252035 -2210025 -2166766 -10734 
-1309871 -1191993 -2405129 -2160193 -6761 
-1601940 -1455422 -2094263 -1576447 -1688 
-1282021 -1109865 -1830747 -2180196 -9768 
-1357453 -1362363 -2078402 -2520209 -5760 
-1201558 -1328473 -1879258 -1952024 -1792 
-1255453 -1421435 -1885674 -2058957 -5387 
-1361089 -1393696 -1892575 -2035245 -7252 
-1240432 -1369561 -2367258 -1794637 -15163 
-1377196 -1396326 -1699384 -2359894 -9537 
-1447672 -1360707 -2132833 -2030210 -10395 
Translation # 8
-919232 -1144006 -2072948 -2142117 -14974 
-1332627 -848351 -2014050 -2225950 -11215 
-1200785 -1102974 -2551581 -1784389 -2891 
-955005 -1236407 -2062253 -2203263 -5299 
-1105612 -1024358 -1988848 -2221729 -3333 
-1245138 -1377485 -2414979 -2239746 5326 
-1241114 -1151577 -2336286 -1982734 -19445 
-1190485 -1590568 -1836643 -2160265 80 
-1389475 -1635830 -1824341 -1809100 -9972 
-1354951 -1078927 -1942941 -2364281 -11595 
-1254718 -1200678 -1874327 -2248870 -1930 
-1309373 -1284503 -2145538 -1991120 -9911 
-1326542 -1503170 -2147332 -2161714 -375 
-1358933 -1365849 -2581569 -2500949 -2635 
-1154570 -1552001 -1951443 -2376872 -13234 
-1104005 -1195406 -2144244 -2485573 -15935 
