7491 173 
7012 1531 
4323 5624 
5758 2798 
2432 992 
5991 2958 
7086 8021 
2131 2491 
7397 4524 

6023 3286 
4249 6939 
4392 4017 
5234 6585 
3347 5176 
1582 8674 
2030 9073 
8848 5394 
6956 9523 

1018 2714 
2321 9803 
59 4664 
2761 7145 
2685 4892 
5988 6435 
5768 8364 
9721 18 
5303 4113 

4035 6890 
7050 3734 
2066 8632 
2409 448 
4057 7609 
5843 1014 
3484 3213 
80 2157 
3016 139 

6821 2130 
3636 5858 
3374 9625 
2293 9143 
7989 8366 
5513 9644 
2479 5900 
6534 9529 
5986 4952 

4513 8395 
5401 4923 
2356 7596 
5937 2192 
7161 2369 
4349 178 
2509 7522 
8660 6145 
3381 2034 

5770 5674 
7529 111 
4041 9394 
9756 2872 
5294 6290 
8754 1281 
1243 9619 
6028 2996 
4542 4737 

592 6831 
6929 7753 
9201 7631 
4283 1710 
5153 9295 
7855 8534 
1330 9978 
4209 5211 
89 4602 

4606 9845 
3826 6252 
2488 2580 
7533 83 
2200 9914 
3079 3094 
1003 23 
9926 7932 
7776 9127 

5563 8412 
7189 7069 
7707 5044 
5603 5389 
1374 6164 
601 7816 
766 5207 
7661 4593 
7811 6501 

3525 5345 
6584 2077 
1611 9663 
5172 2614 
9686 5098 
6898 3815 
577 8814 
2227 4118 
5883 6286 

9162 1486 
1676 6889 
7651 2277 
4705 4769 
3836 8718 
5714 1647 
5220 9240 
3344 8156 
7669 1307 

7820 2841 
273 3858 
4291 3524 
4025 1220 
2338 6252 
5338 4573 
2539 853 
2411 567 
7742 6414 

2844 2447 
1184 3032 
7517 3250 
1031 2737 
8842 728 
894 6512 
2035 5066 
9353 8661 
5276 9997 

2185 9302 
1217 875 
1906 6556 
5448 797 
3761 4211 
1364 1503 
626 560 
302 8162 
9944 7819 

1412 976 
6909 255 
8056 4155 
3119 6443 
5573 2472 
5104 849 
8821 7289 
6503 6391 
4516 8410 

9299 6316 
9207 3060 
528 572 
915 1154 
7484 1217 
9316 7429 
5388 7080 
8405 8649 
7335 6461 

9156 454 
2904 4729 
9279 4361 
1931 4452 
8002 8434 
843 2519 
6844 142 
8835 2404 
9554 9363 

9328 469 
6869 6812 
8038 2537 
4241 9779 
9618 8998 
8428 3305 
5459 3937 
112 4716 
8666 5743 

5429 6949 
195 3431 
1736 7391 
5950 4932 
3885 1138 
7336 3440 
6853 6664 
3909 3723 
3477 1948 

6260 4070 
1727 2230 
3069 6507 
5536 4880 
444 5648 
9596 5463 
7743 5025 
8764 4290 
4809 500 

1681 7111 
5433 5567 
8249 2769 
5359 5103 
5786 5620 
5178 5615 
7568 7790 
9685 5647 
21 2754 

8507 1909 
7635 5303 
7557 3583 
7118 1652 
4961 5883 
5942 9770 
6383 7624 
3233 8168 
9543 1483 

938 4902 
2938 3076 
522 4468 
5043 4443 
2258 4728 
6442 8631 
3835 1301 
540 7822 
6605 4449 

7757 3723 
6101 9070 
5958 2044 
5192 2342 
9668 8426 
510 5563 
9909 7800 
6817 9199 
7228 7339 

3667 2271 
8134 2277 
3352 929 
909 3539 
2230 7801 
7713 5187 
2251 5470 
5263 8352 
893 1221 

396 6085 
9915 6416 
4511 6778 
8331 4420 
930 5148 
9971 8159 
8840 9990 
6782 6974 
8620 6486 

7903 5881 
25 6486 
3682 4090 
1673 5933 
5913 3288 
4286 6806 
4510 1034 
2891 4425 
7451 7403 

7555 5782 
8175 8486 
7283 8147 
2997 6123 
4489 9779 
3097 3109 
2618 7353 
8990 2643 
191 2673 

3086 8216 
4958 8999 
1505 9244 
5805 6015 
6631 8696 
6792 434 
6099 700 
2568 627 
9186 9851 

8774 2183 
5974 9615 
8314 5424 
9077 932 
9129 8067 
9928 9320 
7092 3014 
3888 2051 
8365 5393 

7647 4170 
7760 630 
2866 905 
1064 5318 
1605 3633 
5945 7143 
3484 1071 
5678 9459 
686 344 

1235 9763 
1277 364 
4183 7557 
6036 7627 
6923 9924 
6030 5288 
1670 30 
9458 5782 
660 8676 

6687 1725 
3994 4644 
5358 6291 
1787 8842 
7362 3817 
4653 4401 
4162 2240 
4164 1791 
8956 4699 

9348 4992 
2327 2623 
1269 8357 
7911 9291 
8387 3721 
5073 9048 
2397 8113 
7125 2744 
2757 2483 

9035 897 
7677 2750 
4714 8683 
7151 8876 
923 7667 
667 9880 
8719 6367 
1224 1046 
8990 8845 

5755 3253 
8136 495 
6974 9562 
5895 5724 
7675 3020 
8468 6784 
1855 3855 
4033 9532 
6605 8748 

8215 108 
3976 5491 
4128 996 
5371 2847 
3715 2947 
3893 2706 
1793 6000 
5959 6281 
6495 9286 

5843 8742 
5010 9870 
8114 9830 
3007 9969 
3685 7040 
5854 6643 
2140 421 
3103 2469 
5912 7231 

3465 7635 
78 7180 
583 323 
6238 8728 
6324 8550 
5009 9171 
7836 7205 
4266 2846 
7075 2380 

9028 6434 
2350 2713 
3475 8204 
5708 1967 
8625 8812 
4436 890 
2395 4253 
8525 2474 
7786 5460 

2797 4024 
4188 5473 
2574 9198 
997 6762 
2755 5263 
5960 6182 
7643 4988 
2617 6345 
7702 2444 

901 9762 
4411 5879 
4926 5200 
6769 7322 
9453 5294 
9796 3591 
7107 8945 
3968 1295 
4419 6542 

6845 5416 
9657 9600 
7031 5617 
5783 4674 
606 8400 
1020 4660 
7196 8273 
4422 1607 
4152 9349 

3159 921 
3023 8965 
2568 2819 
2556 9675 
1764 6524 
970 2535 
9419 7816 
4303 9076 
3768 1334 

1045 9551 
2361 1651 
4303 9733 
2663 1499 
8006 7086 
9459 2159 
2787 8970 
3080 5810 
7935 5648 

4981 492 
1675 3097 
3368 2646 
5633 9139 
6814 6288 
4567 6934 
7623 5613 
6486 9984 
3616 7141 

9717 6280 
4993 7723 
3366 804 
6234 2505 
9774 9315 
4667 7710 
1315 9648 
4554 2991 
2745 4274 

1989 4730 
3414 5155 
1019 7981 
2089 4994 
9946 4927 
1330 3563 
8421 7399 
9843 3414 
5122 9561 

4218 7709 
8418 344 
7024 3085 
8054 4691 
2733 2608 
7682 1830 
6883 6023 
6561 6649 
7530 3932 

4630 5972 
8926 4577 
7251 256 
4492 5672 
7655 4335 
5438 9129 
248 6008 
6838 8666 
6353 214 

8103 4407 
4906 7188 
3368 8940 
9018 6603 
1316 1931 
3252 8846 
5863 4234 
4818 1141 
5163 2070 

7749 9655 
4094 1756 
342 5885 
7238 6942 
1893 428 
5608 8246 
643 63 
9006 1901 
7251 8726 

7193 6270 
5329 8509 
4553 8581 
3708 6769 
9167 4878 
7910 4331 
3300 2012 
338 7395 
3768 681 

3280 1006 
7623 1525 
1435 9584 
6124 8430 
9647 5130 
331 3251 
3856 7524 
9521 5537 
2386 426 

470 6094 
7195 9637 
972 5106 
320 625 
7118 659 
8020 7238 
1340 7652 
8245 5315 
9177 6032 

1251 5301 
4462 899 
6783 4793 
502 6991 
8669 23 
2528 7407 
449 9350 
3501 7645 
8988 826 

9103 9308 
1451 2573 
9967 5823 
9811 7659 
9827 4408 
9327 5356 
440 578 
7010 4902 
7829 3793 

6047 8331 
785 1069 
4706 9665 
8476 5156 
9016 8330 
9153 4356 
5508 4608 
16 3311 
7181 6336 

5486 3344 
3995 5313 
7753 3322 
669 8193 
253 7679 
9448 8082 
7825 1847 
6414 4962 
2916 1120 

979 7745 
2628 6347 
2427 8133 
703 7935 
2741 720 
7598 6274 
3408 3084 
5971 7403 
4749 3724 

7078 1770 
8269 3683 
9450 4069 
1765 3627 
5917 4531 
8589 5185 
2004 5920 
2930 984 
2268 1709 

9118 2971 
5996 8211 
43 3594 
838 3451 
6678 6809 
7207 7779 
6885 637 
9550 5154 
672 5352 

9224 2437 
8979 1493 
3321 3920 
6678 5325 
9840 5961 
6309 2108 
7670 1779 
1432 19 
9991 7827 

3613 829 
7631 6644 
3990 1190 
4423 875 
8179 3973 
6029 8851 
9325 1605 
1288 4656 
3098 961 

8576 6129 
6286 4769 
8442 8948 
3229 2464 
727 4661 
2483 718 
8841 6097 
7899 6472 
2741 1889 

4014 7164 
2764 2193 
7490 8794 
1044 6815 
6751 8684 
1472 6202 
9646 6400 
2331 2284 
1169 773 

1232 4399 
3237 1960 
5412 2073 
2678 605 
8170 578 
3429 7263 
8819 7443 
779 1584 
9636 8269 

6730 7032 
1437 3481 
5717 9261 
9683 5363 
5661 8366 
3999 3183 
9139 5232 
3934 8729 
7192 5698 

802 9870 
6304 5324 
6800 9733 
2587 1972 
7177 3366 
3556 3165 
7988 286 
198 9425 
119 5915 

5038 9803 
7630 7051 
8169 1629 
234 3661 
6861 520 
8742 405 
6219 9544 
6628 2523 
1220 9780 

8608 3807 
1752 2137 
3525 5308 
5303 1513 
1946 1853 
7290 2066 
4120 8680 
8221 1750 
5732 6390 

9731 2318 
6403 2945 
2839 5145 
3350 9058 
1041 6330 
7933 2261 
6111 6541 
2420 7863 
5031 5946 

9524 334 
3811 1470 
2187 7454 
3536 6307 
6134 1757 
4409 8218 
4500 492 
537 903 
9789 9728 

2401 9492 
8786 3442 
5822 3071 
2056 1933 
5964 4476 
6149 995 
6774 5673 
7681 586 
7143 6220 

4392 7032 
8879 6878 
5141 9640 
5097 9641 
133 1986 
6897 9922 
1714 5650 
5766 6852 
5444 1589 

9923 7500 
9874 2239 
8329 6023 
3235 5103 
1696 7268 
2041 5192 
3489 2785 
2224 8720 
9664 7365 

8361 1113 
3359 4846 
3099 6608 
4768 1165 
2258 535 
8017 7702 
8476 4292 
1555 8350 
6531 9884 

4374 6118 
1339 2422 
3387 9733 
7614 3228 
2518 6190 
1948 8534 
9908 6661 
9647 9619 
1507 2746 

6227 2628 
263 8485 
3163 8280 
2539 7991 
2572 446 
6341 5456 
6682 7067 
7926 8022 
9490 1313 

4107 3456 
893 6625 
5999 9194 
5160 5907 
5855 1159 
1878 7363 
258 8105 
9991 521 
2942 9506 

8802 1833 
7497 7726 
2280 190 
9534 8962 
7258 7461 
3336 3100 
5126 7443 
2908 6020 
421 8907 

1566 5581 
1166 7421 
3092 3044 
4784 3350 
7501 1127 
3872 443 
6985 2674 
2277 834 
6752 909 

1025 6287 
9871 4635 
100 3208 
4087 5226 
651 6995 
7598 7424 
2255 9164 
9357 9773 
6586 2450 

9170 7722 
5800 6671 
5202 9672 
3467 2187 
8698 5744 
3022 5451 
6653 4047 
8090 2876 
5034 4542 

6084 9121 
9768 3088 
2468 7367 
512 4723 
2883 6222 
4497 9469 
8672 19 
3544 4472 
6690 8746 

4145 157 
7285 2843 
2253 307 
4646 5258 
706 9088 
8135 2092 
3630 571 
1213 9751 
11 3682 

3470 6876 
4757 6353 
3098 5606 
2175 1770 
5625 2071 
2594 8668 
7169 6739 
8825 4454 
5935 7431 

1114 6933 
2689 1820 
2374 7176 
3913 2356 
4100 1478 
2107 463 
1512 1929 
7339 6270 
8283 6789 

8228 6810 
4911 3854 
8881 7506 
2522 2402 
597 7699 
6856 2884 
5130 7970 
6170 4172 
6143 8544 

1348 6408 
900 1800 
7886 9360 
2264 9399 
7641 5955 
2021 2276 
9097 249 
9086 4008 
455 4319 

7866 2977 
6721 4816 
7029 9930 
7700 2159 
4252 3870 
2683 395 
8766 384 
6803 6019 
2184 4690 

5379 4448 
441 3020 
6756 2462 
1649 5853 
9063 735 
6213 9519 
1407 4080 
8848 4480 
8896 5877 

4410 2948 
4389 5015 
6819 7072 
5410 5585 
7456 2214 
7956 5993 
3256 9687 
6793 49 
9060 3549 

8863 709 
5754 7926 
1444 1968 
3797 9203 
2400 2646 
3684 1296 
4875 4446 
596 9264 
9461 7415 

2689 1224 
9353 6497 
9790 3661 
2490 9398 
3349 9284 
9447 2409 
9185 8310 
3118 4940 
2588 914 

6908 6386 
118 9308 
5384 154 
6956 259 
952 7552 
5876 6766 
1320 4917 
7990 7025 
1414 7780 

686 257 
7178 4035 
5893 2977 
6444 5078 
7639 9562 
18 6579 
477 6926 
2965 6947 
2586 4701 

7101 9542 
4961 8053 
3447 7189 
1171 4767 
2106 9161 
8144 9872 
3293 8830 
6481 6823 
9218 2374 

9800 5662 
7453 3791 
1577 3823 
371 2054 
7102 9688 
5353 9688 
4390 2454 
5583 5703 
6859 9030 

9244 8031 
149 7702 
3544 8293 
7574 6838 
3475 408 
3661 2693 
2782 9814 
4708 235 
3605 6285 

4059 328 
4691 7513 
17 44 
7201 4407 
2498 9136 
6462 5709 
8166 5706 
92 4667 
3408 3637 

9312 7334 
475 9140 
7742 4136 
1833 525 
302 6541 
7112 3908 
9178 7523 
4236 3869 
5036 4253 

3913 8590 
5012 2763 
7726 1474 
4825 2245 
3532 4917 
6912 6940 
8554 2577 
4275 9029 
1717 8369 

9518 9902 
8894 9820 
2796 2359 
80 1974 
6234 4317 
5844 1271 
4922 6109 
9861 6287 
8873 3939 

4113 3698 
6184 7646 
4967 9449 
938 3522 
2026 1565 
2551 95 
9935 8421 
9997 5181 
8242 2793 

7540 8322 
4768 127 
8991 6964 
1398 266 
9425 7611 
2905 4650 
7902 3370 
8348 4087 
1016 9668 

9888 8307 
3190 1914 
9872 5741 
8361 6159 
4163 8358 
1341 8757 
7504 5233 
3431 8624 
5360 8775 

5588 3110 
9041 1365 
7073 8298 
6016 4976 
1668 716 
5415 9037 
384 5303 
7344 3574 
3569 3568 

5668 1930 
9728 6183 
6640 1069 
4940 4144 
2654 8371 
2768 8015 
7146 4708 
7477 2539 
6074 4551 

7189 2090 
5879 8858 
2806 1294 
7895 3191 
2949 1591 
3117 6518 
5159 8785 
8448 4887 
4968 5088 

2308 9908 
5585 4963 
4632 4705 
9330 8130 
5766 6807 
7022 8192 
7710 4211 
282 9941 
3069 9440 

1235 7316 
8983 4184 
8907 2101 
7054 4067 
7238 5502 
5306 2207 
6943 7615 
8467 2528 
8930 3099 

3585 8260 
7582 9351 
1419 4604 
7543 9130 
8815 4177 
9071 8237 
9970 6659 
5553 8953 
7195 4461 

7406 4250 
4880 997 
6104 6538 
3204 3047 
4153 1671 
1927 9435 
1123 5513 
7695 5057 
1216 9115 

9661 8760 
4597 4828 
9289 20 
3065 9259 
3031 8619 
4565 227 
9432 8323 
4477 664 
9320 581 

7202 2524 
9981 7708 
548 8260 
7143 8023 
125 4839 
3080 1342 
306 9093 
6454 1255 
3921 5743 

7627 6987 
5003 659 
5606 5920 
886 1390 
4243 1715 
2054 3564 
8648 9256 
2440 4981 
6964 9340 

3242 4108 
3715 3367 
5299 6795 
1061 1957 
5888 7515 
9564 6162 
3259 7191 
3149 4614 
7850 5107 

534 5088 
6497 4777 
3155 4903 
4693 8156 
4159 3486 
9489 7476 
2826 2731 
1584 6542 
2451 3235 

9689 3512 
1544 1930 
1028 1108 
8092 639 
8299 7593 
5253 2502 
9052 2139 
3942 5549 
6916 3450 

452 7962 
1606 963 
1448 1095 
8439 626 
179 6375 
3520 8982 
5962 3210 
2494 7506 
1492 9874 

8614 5936 
513 3266 
3529 2118 
2120 2581 
4257 6062 
4482 7526 
9512 1286 
5488 7470 
2249 3288 

4918 689 
3914 5097 
3416 7435 
431 9379 
6997 2925 
6885 8489 
9152 1852 
4425 6017 
1470 4306 

8136 3590 
6887 8745 
9652 7721 
6271 5517 
9007 8111 
2987 1256 
1399 4257 
8297 1666 
9354 1714 

5453 6137 
7445 8802 
9063 682 
7291 4567 
2534 8068 
584 4004 
8726 5072 
7594 1965 
3818 3599 

9686 89 
5468 8693 
4553 4807 
6301 2304 
9065 4599 
3970 4771 
2665 5775 
909 110 
4577 9972 

792 8220 
891 9679 
2640 1475 
35 1366 
6548 7630 
3331 366 
7581 3017 
6807 3049 
8062 7712 

7856 4364 
17 3273 
8963 3987 
8045 7980 
6115 8954 
4442 692 
5278 5234 
8913 6169 
1265 1553 

7644 1301 
9272 544 
5283 2603 
7262 2864 
1973 4070 
2265 35 
1782 6473 
4399 8151 
9747 9714 

2139 7792 
7694 4606 
3098 2136 
5298 8376 
3723 563 
4545 4988 
8469 8541 
6289 7741 
9086 1572 

6696 6348 
788 5021 
6770 9405 
5057 4905 
2231 5808 
3056 1978 
5523 1547 
6122 9569 
6153 5572 

1706 7804 
3948 1781 
8367 4845 
6769 6836 
3386 9411 
929 8824 
7335 7626 
1525 8124 
2647 4647 

3881 4056 
5904 6112 
9865 8961 
4442 1740 
6860 6916 
1309 9366 
2488 9367 
7170 6436 
1148 5537 

7633 4270 
2374 1020 
3681 3303 
6196 1016 
7281 4073 
5492 6281 
8721 5726 
337 4625 
1838 6554 

9938 2633 
8294 6799 
9549 5956 
6165 2038 
5323 3335 
4826 2824 
5224 2460 
7094 3950 
9832 775 

3606 6028 
8143 887 
102 9988 
3520 5175 
5714 3858 
9800 7552 
6764 6091 
185 1411 
2890 6087 

7367 5407 
8125 9042 
5094 2951 
1866 318 
1763 5312 
621 1595 
6087 4227 
3976 583 
1466 4078 

571 4987 
5605 6285 
8845 5405 
189 1961 
7848 375 
3372 7090 
6462 7091 
2497 939 
6134 3943 

242 4352 
614 2006 
9665 1235 
9953 2104 
5462 3929 
2687 6928 
4359 3258 
8267 9964 
5895 3464 

1722 6085 
5426 9570 
2812 8798 
6661 5626 
5890 5510 
6565 8376 
9454 3159 
2728 6420 
1517 8745 

7655 1471 
850 9469 
5400 9889 
2749 9760 
9500 1017 
9724 5395 
4481 1446 
1480 6259 
7369 644 

5058 4030 
6270 7300 
9540 9187 
2028 5346 
8699 4756 
1766 216 
9854 5773 
1687 7056 
1594 7088 

6945 4344 
3200 6445 
1713 2924 
8193 6194 
723 6025 
2454 8092 
6670 3864 
8474 9292 
7516 4366 

4832 9544 
9713 3531 
652 7831 
3747 506 
9957 5435 
7562 1551 
8875 860 
2247 2075 
3657 3960 

1351 1850 
6507 2074 
7876 5313 
6518 898 
9177 4992 
190 6693 
9359 1374 
2589 5424 
4905 3241 

3255 8653 
3748 9564 
440 7662 
1116 9315 
8522 3363 
7742 2180 
7324 9093 
382 3831 
7520 8258 

9144 4038 
5508 4673 
9031 2051 
7718 4742 
3425 307 
166 8331 
3548 9773 
3336 3648 
9338 3776 

1311 6806 
9443 6185 
169 7185 
4717 3845 
6278 5100 
4028 3798 
9710 9524 
4189 5219 
549 3220 

3622 8267 
4314 7047 
4926 4480 
1730 4827 
4253 5066 
8475 9943 
8842 6138 
6749 4637 
8676 3271 

1822 3393 
3468 4453 
8493 3849 
4603 4556 
3373 8792 
6127 275 
8364 9749 
8542 2678 
3148 9821 

3510 4879 
4648 4116 
9945 9475 
4059 5140 
5614 7161 
9777 4290 
6784 7952 
4035 252 
8757 8881 

453 3360 
3437 179 
8505 5916 
454 3221 
5665 5348 
2252 5165 
5169 5762 
44 9817 
9878 6342 

5645 290 
7834 1259 
3803 3963 
1901 6939 
1915 5936 
7191 7024 
4817 3997 
6737 4606 
4176 5242 

522 4630 
4815 2539 
9978 7067 
7705 1500 
9182 4101 
1317 5412 
443 3314 
2054 8277 
4573 5857 

2241 2826 
2796 508 
5115 6340 
7533 6284 
337 4270 
891 4513 
5864 7765 
5495 7031 
6657 5473 

4099 4362 
6973 9633 
8463 4643 
5045 5259 
7957 7100 
3536 8883 
9309 2129 
8061 2106 
2638 3176 

4798 171 
9461 1487 
793 6704 
2352 3009 
821 7847 
40 7478 
9672 4139 
8192 2998 
124 6656 

7641 5170 
1915 1950 
8622 1803 
7185 7931 
3933 5247 
6389 2923 
4775 1187 
9446 588 
2674 239 

3644 5026 
3248 4466 
9225 3288 
8296 8898 
3780 6489 
1896 3904 
9497 5889 
5426 7764 
4191 4048 

9567 7729 
1980 9852 
9328 8369 
2775 4103 
5909 2221 
1044 4935 
2460 4688 
6314 2060 
5506 5539 

1701 3803 
789 1833 
292 9037 
2089 9789 
1278 3868 
7553 5470 
7916 3472 
3199 6248 
3325 2527 

970 6100 
2982 6879 
4674 4026 
8166 3486 
8715 4480 
1899 4221 
20 3600 
4376 7161 
1785 1020 

6199 3874 
809 7477 
7742 4714 
9299 2011 
4539 2498 
8259 7864 
1377 5581 
316 712 
8812 1342 

4738 6979 
4829 9805 
1459 6728 
379 7831 
6680 1107 
4993 8465 
2128 7544 
8691 9289 
5021 6434 

4004 4321 
4797 4895 
3171 9408 
9111 901 
4990 9427 
7965 154 
770 2703 
7133 1951 
8861 4945 

8679 5592 
2776 5359 
6699 4121 
3824 5179 
1665 8867 
4469 6687 
5301 4825 
7360 6450 
9720 6883 

5859 8831 
7784 7201 
4610 5749 
7355 5380 
4805 841 
3683 18 
5786 2362 
1962 8562 
4073 5013 

2684 4249 
193 701 
3117 4662 
3740 4770 
9487 1100 
1221 9207 
4336 3432 
8038 2120 
6985 2648 

4222 4340 
4381 5379 
5181 8064 
1749 967 
6779 3711 
5882 7204 
8724 4918 
1454 5269 
1971 923 

9931 5712 
5693 9418 
3164 3266 
4977 7500 
3050 9367 
5973 35 
2016 6547 
728 2749 
1926 5909 

7165 27 
3229 296 
3738 5463 
7501 8814 
6733 5307 
4084 8704 
6230 367 
4416 8275 
6138 7581 

7894 1115 
1433 944 
483 7406 
980 8851 
3953 1708 
7952 5879 
3969 5117 
2258 3550 
1766 5996 

9013 9267 
1163 2098 
926 1599 
803 3508 
8318 1571 
1783 4456 
9152 9677 
5572 586 
6974 6055 

4344 4306 
1258 8298 
2366 9210 
529 6335 
679 2788 
6238 2445 
5136 1603 
8064 2651 
3702 8990 

4250 4505 
8850 8921 
6076 634 
3377 1581 
6663 8949 
8519 9989 
1356 2863 
4295 2614 
1161 6661 

8176 1691 
9349 8856 
831 5587 
7653 5967 
7190 5718 
8619 892 
1060 9221 
1749 9911 
8142 7826 

6897 7872 
5759 9912 
6821 4278 
6254 4530 
7141 549 
7144 4655 
3563 1673 
2698 2912 
529 3529 

4851 8182 
9496 2041 
252 4467 
9286 7665 
41 1035 
7576 4535 
5213 825 
2407 972 
7089 5581 

5250 3343 
111 8744 
245 3607 
3399 3808 
5280 6097 
3072 2161 
9626 7923 
6696 5474 
9964 6948 

6294 9250 
4613 2687 
6638 8541 
7222 1851 
5718 5982 
2824 2808 
1563 8074 
2503 8026 
3170 2748 

1633 6569 
2908 6914 
9018 2332 
9075 4996 
255 2123 
6823 6572 
9072 3117 
2174 37 
2156 8812 

8579 5730 
664 649 
1712 3488 
9809 9627 
7914 2313 
7653 1085 
1413 9287 
4006 674 
2553 9377 

3006 7980 
4373 3262 
104 1196 
6186 5528 
665 8360 
5565 2821 
7173 496 
8552 7837 
1146 6616 

7677 955 
6244 5591 
9620 249 
3028 7386 
9536 3387 
8060 8441 
2764 1066 
6422 3489 
680 6526 

4686 6866 
8406 1703 
5227 3971 
877 8752 
4468 9429 
6589 1966 
2397 4266 
9273 8641 
6209 8894 

5243 9238 
6280 4779 
2625 692 
9573 1741 
8110 5995 
5230 5143 
8873 6268 
2009 7279 
7972 3588 

7602 8849 
2340 2070 
4630 5281 
4036 7027 
9547 3310 
2021 2109 
8556 7264 
1347 1188 
8395 324 

1880 7968 
8417 6342 
315 3647 
1485 5540 
9916 9847 
2819 4240 
3435 422 
9441 2128 
8844 4071 

7409 9233 
7450 3309 
2543 9471 
5418 7451 
3087 3117 
8639 1483 
9793 6871 
5803 8210 
9565 6119 

1857 1051 
1659 8125 
898 831 
8717 685 
7605 8158 
2813 6449 
2229 6575 
5682 9680 
9884 4577 

5503 5302 
2028 8591 
8419 7019 
6426 4564 
242 2229 
2774 9808 
4700 983 
859 2712 
5461 8109 

3543 4178 
8794 7500 
2337 7960 
3949 918 
4535 9632 
6950 771 
561 2454 
6073 2590 
7397 844 

5961 3823 
5408 6204 
2404 4534 
6012 3457 
5517 6871 
6169 978 
1332 6064 
1509 6478 
3564 198 

790 7513 
7468 5325 
3497 4419 
6096 411 
3225 8521 
9353 6974 
5717 5314 
7149 7477 
1518 9553 

2011 7530 
9362 3881 
753 5531 
1211 8437 
7947 2720 
4916 1511 
2918 5706 
5377 6739 
7384 5226 

1158 9832 
5637 735 
4706 4990 
7709 423 
6657 4858 
4253 8175 
763 6264 
5706 126 
6497 2811 

2009 7709 
1249 9957 
429 2517 
7820 9700 
8223 9549 
2791 1959 
4776 3949 
1792 6765 
1036 6498 

8108 5097 
3273 4765 
6307 7526 
2940 3422 
143 4998 
9900 6640 
4162 1910 
701 1763 
8219 7483 

4280 6039 
3535 8855 
5589 6326 
815 6717 
6627 2607 
9834 7663 
5457 4294 
9112 5082 
9059 5419 

2609 8352 
8841 9104 
9702 8742 
2096 216 
7004 2798 
1979 5223 
6633 6259 
7614 168 
5115 9555 

6494 5930 
2624 3121 
4889 2459 
7136 6698 
6753 6248 
1780 2165 
8019 741 
6869 3212 
9845 6571 

8306 8294 
6788 5310 
7444 8767 
6885 4077 
1379 4500 
597 6494 
407 7091 
8776 3032 
212 3665 

1843 3700 
6715 4948 
9948 8495 
7113 4319 
9237 3982 
7531 5434 
6906 5838 
80 3694 
1148 7524 

8813 8034 
7953 192 
8886 8550 
3038 9293 
1993 8166 
8677 8557 
8183 520 
2257 4898 
5469 8557 

3394 2582 
2876 8983 
2917 408 
4417 9823 
6246 850 
9869 3746 
8374 8682 
8132 2680 
5227 3370 

7582 4617 
2664 9576 
2784 1341 
8133 967 
8214 391 
5866 3683 
5300 5612 
2617 8177 
4595 5534 

4937 5364 
5357 1183 
6214 1578 
1281 941 
261 5766 
9973 1840 
9136 7555 
2809 8152 
7131 5593 

5846 1617 
2913 4060 
8360 5131 
7743 3660 
743 360 
8189 1690 
2247 3126 
7054 7604 
4309 3269 

5535 1943 
562 5796 
7709 535 
3988 3197 
8090 6797 
1350 1574 
8743 7196 
9543 8008 
7608 7903 

3139 5351 
7915 234 
2063 6105 
1924 4310 
9231 8978 
8267 9893 
8599 3802 
8188 5513 
5950 5897 

6048 6290 
9094 491 
9439 6796 
8417 4534 
344 7960 
2542 7952 
5863 5681 
9655 130 
5915 8071 

6235 4191 
2381 1819 
9522 7000 
1712 4473 
7154 9900 
9987 9456 
2149 6035 
2098 7595 
2878 1538 

4392 1295 
6072 4736 
9255 4967 
2689 1470 
7000 8696 
1601 9268 
6767 4188 
3459 5501 
6007 2981 

2501 4071 
7455 6008 
3971 3794 
1816 2472 
6181 3915 
68 9060 
1805 4460 
355 4229 
5548 5963 

9196 4589 
3785 6197 
3286 1738 
5465 53 
5927 8924 
5554 8286 
8258 4408 
2358 2065 
6768 2681 

5859 8584 
5154 2040 
2499 5222 
1100 656 
9682 7808 
4886 1582 
123 4082 
6172 3908 
279 9458 

5647 2096 
5863 7926 
7373 1418 
6212 5631 
2178 8570 
7696 8946 
1252 3555 
3882 6406 
5595 2734 

7980 3048 
3390 4014 
7208 8276 
5596 7331 
8711 1768 
1239 5342 
7578 3238 
7439 3442 
1164 4812 

1212 7377 
6795 3390 
2299 4491 
8688 3551 
4398 2570 
6309 6345 
5304 641 
9393 5047 
4655 6601 

3323 252 
284 8386 
8372 1524 
3729 5951 
1114 1168 
5745 2279 
2332 6957 
6008 9127 
6699 8307 

9970 5387 
8211 4368 
4309 872 
713 5966 
1514 6459 
1013 6169 
9412 688 
6421 9697 
9075 1146 

7573 2804 
7097 8687 
324 2842 
7318 2656 
6151 3326 
8135 2850 
1634 8105 
4589 9845 
8825 8898 

7069 5890 
4864 8583 
2349 5877 
4753 8114 
2918 7526 
7811 1993 
8672 1736 
1149 2121 
6775 1473 

1315 4094 
481 7466 
3772 8616 
6668 5406 
3073 1257 
1603 8250 
156 5025 
4140 1372 
3608 2842 

7250 8361 
956 6520 
2240 5119 
8513 912 
3207 6014 
3034 9982 
7487 701 
428 4320 
8168 4201 

2936 1188 
5959 2361 
2446 3915 
611 2602 
8940 1103 
3974 2548 
3945 7576 
7262 1253 
448 9502 

6372 8961 
6766 5931 
1327 6152 
5914 8814 
6854 2694 
3134 1374 
6895 2422 
2562 9207 
1135 5008 

9474 8098 
3962 8414 
9202 4289 
7314 3147 
8217 4576 
753 8666 
430 7125 
3979 7197 
9409 5307 

3349 5323 
473 6555 
4369 9960 
7929 1265 
8734 6844 
6824 9870 
1852 6298 
4320 2167 
1064 3522 

2808 8378 
3022 1025 
9307 3775 
6043 9737 
7252 23 
3286 6661 
1682 2988 
8336 8507 
9543 2706 

8467 3825 
323 3554 
669 7147 
9776 8873 
9797 4096 
1040 861 
7619 200 
9239 6993 
1226 4898 

768 7269 
988 8020 
3644 626 
1034 5326 
3614 9370 
186 9510 
2076 8653 
9687 2399 
2207 6708 

5898 8335 
5581 5695 
2432 2974 
2908 6403 
3174 8500 
3396 752 
3398 4164 
4374 738 
8536 8018 

1365 5922 
9697 1331 
5293 9883 
7193 3721 
4888 6880 
2473 3448 
3588 4723 
1783 5522 
419 4215 

8496 9679 
618 8022 
8179 4014 
8775 7930 
4530 3149 
8668 9419 
7519 33 
5341 7216 
1365 634 

3451 8558 
708 8340 
1791 3181 
8140 5379 
7904 9923 
901 4675 
491 5749 
4355 1109 
124 8886 

1476 8899 
6816 2358 
8400 5485 
1777 5919 
5518 7119 
9488 3235 
4105 9291 
8146 4813 
3983 9937 

4346 2123 
1668 2251 
8399 8922 
3278 8890 
1023 3985 
6351 1147 
2872 7827 
6398 9688 
186 4798 

5173 1963 
7070 7044 
5434 2910 
6631 9540 
2201 4777 
705 2537 
1066 5052 
4660 9087 
3655 9411 

4361 3285 
8301 5384 
7271 4653 
6532 143 
8832 9282 
6183 9018 
4081 1357 
7334 7503 
4753 9120 

413 1384 
5012 8966 
2514 5718 
7855 9932 
7122 8868 
9019 7129 
8279 9732 
414 6581 
5117 7685 

7586 8001 
4180 6418 
7283 364 
5437 7716 
8073 9123 
1571 2826 
8243 1984 
562 9608 
7303 9428 

5326 5158 
5713 8800 
4026 1084 
5929 2306 
817 6343 
5239 5934 
381 2825 
287 4561 
9243 7570 

1277 1032 
1639 5702 
6507 3210 
4880 1103 
1547 5443 
711 8850 
1223 2389 
360 6936 
1189 739 

8021 3470 
9397 8838 
6165 4636 
1124 6546 
3813 1411 
7460 9408 
5333 5089 
6793 6972 
792 9652 

6535 5672 
755 8082 
7467 7818 
3284 8691 
207 9996 
1979 7748 
735 6352 
7570 132 
1542 3736 

1120 2666 
282 4933 
429 4094 
694 5763 
9184 7487 
9087 9976 
7139 1974 
5648 4247 
56 9468 

2065 9692 
4511 8625 
9689 6490 
2725 424 
2843 296 
6909 737 
4032 8029 
3404 666 
9315 185 

4761 6361 
2300 3945 
200 7740 
273 7339 
9714 2273 
7938 6123 
1741 6356 
5815 6252 
1333 5504 

2743 4058 
2281 1938 
706 9190 
2675 4738 
3571 2431 
5405 9238 
2617 6518 
5599 1269 
463 5799 

9009 7088 
9491 8724 
9361 7429 
1199 1103 
137 7014 
3707 1470 
8871 2802 
5529 7504 
4740 2587 

3046 3768 
7326 6617 
2551 9083 
5856 1520 
5601 7807 
2790 2416 
3607 8151 
5856 3098 
6875 5217 

6879 4426 
2672 7017 
1441 6380 
4839 6664 
9182 6720 
4168 275 
9308 7214 
4043 2986 
3831 2946 

2069 6039 
4467 4022 
3847 3609 
2790 3806 
1760 8646 
3256 4988 
3863 135 
9414 6536 
3504 855 

9268 4696 
7519 8450 
1416 8039 
8725 724 
5253 9120 
62 5437 
8419 2131 
1476 2886 
2505 1675 

6495 5295 
5481 4607 
3941 8737 
9595 4157 
5225 9010 
7045 5081 
6217 6313 
9777 89 
1115 1194 

8128 6193 
8270 9734 
1665 8333 
5171 84 
6816 2999 
2970 9322 
4675 5817 
969 6508 
6777 4911 

1598 6372 
9068 6823 
1734 2465 
1904 4304 
8778 8034 
745 6245 
5580 5225 
2438 3850 
4959 4104 

8535 6482 
4188 1704 
9482 3511 
1026 509 
5680 1995 
3369 2457 
3258 4967 
5182 8678 
8142 6916 

1143 6399 
7572 6273 
4433 8317 
2519 13 
9895 1309 
215 4854 
5413 5103 
7689 9602 
6807 7171 

9465 4185 
4032 5145 
2532 7401 
7603 2143 
8721 2785 
821 6863 
6053 8317 
9614 3626 
942 399 

8295 3461 
412 8190 
4771 6980 
9397 6536 
8435 7086 
2490 1594 
609 1955 
2131 4641 
7101 4663 

8394 1056 
3158 3467 
3841 332 
331 6246 
8649 6297 
9872 5943 
6697 4520 
9405 3461 
2710 528 

441 2107 
7064 5228 
5545 5907 
6822 6154 
7862 8953 
7147 1315 
9969 5542 
2371 3127 
9009 6212 

3459 5692 
2459 8460 
8342 8683 
4404 5039 
3203 161 
8500 2266 
7041 5294 
4373 457 
522 9919 

6364 7345 
2425 4227 
6298 9573 
5542 2619 
1467 7914 
5747 6828 
478 5558 
8873 9289 
371 7215 

4325 1127 
2254 3880 
1288 754 
6146 4681 
2400 520 
5138 2923 
6791 1503 
268 5568 
2082 2918 

1493 3976 
5538 2960 
8242 7637 
6141 5073 
9547 5014 
4362 9918 
8581 5039 
1045 835 
8920 8685 

7941 5066 
3366 6694 
1938 8505 
9617 5081 
6360 6237 
650 4794 
9155 2143 
8770 1045 
1456 7013 

5034 3949 
2086 4582 
8963 2800 
4500 3896 
7840 5546 
1083 3112 
4231 5376 
8178 3950 
2070 117 

2455 1687 
5198 5167 
7924 2200 
9961 3432 
696 8731 
4477 8504 
2096 5864 
2453 534 
446 1416 

9687 4946 
1664 7527 
6844 2747 
6991 7428 
8123 5169 
1378 194 
5286 185 
1881 6837 
5352 6158 

5389 5313 
9590 6085 
396 419 
941 2493 
6283 3394 
9379 6729 
1162 9066 
8028 2826 
2945 1224 

5573 9936 
8652 49 
5106 30 
243 6744 
215 8476 
9933 1919 
986 1675 
7232 576 
4112 3981 

7348 5054 
6474 9983 
8448 2205 
6713 9611 
1272 1093 
2437 4217 
2317 4363 
506 970 
4412 1964 

7352 1007 
8708 3920 
9483 4994 
5839 470 
6669 9424 
7398 781 
3405 4746 
5835 6231 
4730 636 

8436 7795 
247 6060 
5240 9036 
278 7557 
3399 7136 
4879 4163 
9100 8584 
5170 4160 
2504 1006 

9154 4695 
1476 2175 
4119 5226 
9309 7524 
6325 1496 
3755 7407 
2132 8544 
5202 8731 
4604 6794 

7768 1234 
703 7519 
8370 5583 
1683 3822 
519 3205 
7983 3023 
4211 3489 
7718 5687 
5665 8190 

7266 1326 
2066 3591 
2822 5822 
998 4955 
718 2552 
3686 5322 
9346 7806 
6557 49 
5326 1279 

1984 3361 
5102 2503 
6566 3085 
1878 778 
2926 5949 
2817 8591 
4139 6435 
9917 6205 
26 9092 

8379 1024 
399 9097 
9928 437 
772 9274 
8244 7329 
5676 9922 
4960 4012 
9635 62 
6516 6201 

9499 4746 
3331 2426 
695 2501 
7369 1186 
8936 3639 
3744 5315 
2731 2123 
2691 3130 
7573 2620 

3567 8345 
8246 8163 
2026 3922 
8085 6986 
7935 7720 
7049 803 
274 2900 
5549 9957 
5326 2597 

2458 2696 
3783 7747 
6335 7527 
3062 9066 
6003 5753 
8548 9928 
8373 2115 
4625 2972 
279 6651 

6894 4716 
9989 1181 
2437 3390 
1984 9063 
6291 3886 
9020 1617 
6483 7831 
4313 6618 
5578 7000 

498 4992 
6066 2853 
7097 4614 
2781 1823 
3082 7406 
4795 3361 
409 1689 
8077 398 
9223 6866 

141 1207 
2281 6432 
1445 1302 
4401 7928 
5485 8715 
899 1063 
2067 1397 
2407 8134 
602 9504 

9100 3383 
1327 2182 
7141 6122 
1895 3902 
4164 6325 
652 3387 
3191 793 
946 5473 
7225 2392 

3127 1627 
6672 8612 
6694 3923 
6027 8761 
1672 8434 
3247 2274 
4290 2348 
5657 5618 
882 9150 

8092 2778 
3052 8608 
9103 3705 
8347 8646 
4498 9294 
471 8076 
8038 9950 
6055 1062 
8562 2749 

4986 941 
7862 6658 
5727 7462 
8933 18 
6162 942 
1988 7044 
93 6432 
6174 9497 
5041 1629 

3202 3388 
276 7701 
9034 7099 
2129 7072 
7050 8184 
4487 1964 
7285 9473 
9258 1499 
2483 4985 

8961 7768 
1355 5123 
8711 3343 
2168 5156 
9776 4694 
4653 1169 
6324 7856 
4557 2952 
1909 3592 

6403 4038 
7016 3453 
8574 1503 
1770 5859 
7328 1028 
7358 6164 
2365 2672 
3932 3721 
7795 8995 

3416 6315 
4151 3192 
1010 5157 
713 3686 
9365 5271 
6638 1274 
5215 3041 
1664 8583 
2847 6590 

6439 969 
8801 3767 
8349 6159 
9931 714 
8831 216 
787 2979 
9211 4204 
9294 9715 
3748 6656 

4872 4462 
342 4237 
6085 3332 
1863 7652 
2726 9879 
6235 5573 
6469 2674 
2894 1622 
2794 7595 

7781 9077 
4661 2965 
9293 5449 
5944 8505 
6005 1590 
8220 9753 
8247 9444 
567 4941 
3681 3004 

8274 1896 
656 1000 
8127 3244 
2925 948 
2270 5819 
2570 5064 
9766 351 
494 4427 
9668 9787 

9876 1964 
4644 2233 
9907 2864 
1987 8154 
8660 8906 
3095 8693 
1911 7721 
589 8919 
8721 8716 

8515 1646 
9664 786 
3817 8586 
2202 3583 
8938 2696 
4363 4958 
8836 591 
3275 3480 
2825 3182 

2697 1164 
1336 1357 
70 783 
51 8333 
8505 6992 
3605 3578 
5709 2120 
5225 1725 
9258 5394 

312 1461 
5330 5602 
509 9693 
6912 9345 
284 187 
2826 3109 
3369 1875 
625 1057 
3232 696 

8193 9635 
5381 6698 
6628 8986 
6628 8689 
7459 1853 
6766 6717 
3600 3430 
4530 5282 
9032 5040 

4975 2297 
4385 1611 
8836 3563 
1073 2206 
5438 1698 
9615 5023 
2394 7808 
4658 4128 
858 1286 

9466 7487 
6327 6925 
5692 3094 
9995 5644 
6524 4525 
926 1909 
9565 2253 
558 303 
3865 9394 

218 4938 
7952 2009 
6636 7568 
7032 5383 
1728 8042 
5863 8939 
5681 5329 
2778 2008 
2255 4822 

5102 2250 
467 7979 
3127 7745 
9888 2693 
9999 446 
9348 3864 
6192 9566 
5154 4145 
7927 8142 

1713 4959 
9877 9793 
9354 5740 
8732 5035 
1070 1510 
7043 9677 
6333 8498 
8279 3152 
6477 7758 

897 2717 
451 7248 
9515 6151 
7464 5707 
2070 2618 
9852 9997 
7113 7917 
1309 6990 
7711 663 

9083 2795 
5698 6505 
658 9093 
2534 6991 
3943 7165 
6495 6772 
4923 3744 
9489 1727 
993 5356 

7878 8457 
7416 6300 
7428 3620 
6298 893 
1538 3959 
7883 5601 
4622 3318 
8396 6672 
9823 5406 

2117 8709 
8749 6061 
5874 5244 
2833 798 
8989 8675 
2525 6334 
4031 6755 
1143 7799 
3056 4923 

1420 5706 
5816 9310 
9665 52 
4911 639 
3370 9659 
7311 9546 
5066 9428 
8255 3815 
1841 4130 

5412 4675 
1280 753 
9702 3805 
7087 85 
6912 4582 
7885 6320 
9506 9305 
2026 5322 
8615 1691 

5374 9878 
2330 5097 
5889 5993 
4643 7307 
1774 2898 
7475 3615 
7028 2887 
4642 8308 
9992 4344 

8465 3431 
4430 1730 
8013 8667 
8050 7519 
7972 77 
9194 2939 
8120 4568 
9169 6803 
9665 5058 

9148 4308 
8718 922 
3559 6193 
890 6939 
5432 5532 
1600 5424 
6229 6417 
5207 7011 
8147 3220 

5678 2550 
7092 2 
2627 6286 
9293 7099 
854 8462 
254 6872 
9872 9403 
7532 8590 
325 1091 

1135 7567 
4383 6567 
3100 5983 
8343 5681 
2400 3550 
9044 548 
3123 1074 
3098 215 
1076 2077 

6501 369 
5528 3707 
5183 5783 
579 5055 
1538 4464 
3646 1863 
5555 1133 
9431 9938 
7701 8883 

2273 2396 
916 4674 
2299 6312 
1574 5422 
7386 1024 
1989 4814 
9453 8490 
1535 4981 
8549 6718 

7116 9129 
1773 8654 
3593 1771 
6870 5500 
9257 2653 
1791 6958 
7888 4064 
5706 5156 
8738 8005 

1468 6664 
9779 8854 
7688 1768 
3668 3493 
6610 5203 
4827 5160 
8273 1943 
641 6398 
6950 586 

8170 172 
6086 3779 
9177 4229 
7089 3417 
8294 2795 
8573 3384 
7153 41 
6401 6932 
8895 4089 

8701 8915 
7583 5311 
470 8762 
6823 8743 
705 7464 
5141 4007 
8050 9663 
531 489 
3442 9708 

4718 531 
3125 9364 
3327 8050 
2749 480 
8091 9150 
3764 3338 
9591 2465 
8605 3526 
4129 9075 

2288 952 
7818 9346 
4769 2960 
9705 2819 
8975 237 
3308 2418 
6297 8027 
2949 5775 
7391 2628 

3825 6492 
9460 1917 
1994 3225 
1607 1586 
2042 213 
1464 2523 
9288 3753 
9828 3459 
9451 4597 

2771 9156 
7416 1746 
5745 7077 
516 8395 
1456 3466 
4170 5199 
2446 7995 
1692 8259 
6264 38 

7836 4224 
1624 9878 
789 9441 
8754 77 
3194 4934 
9888 8997 
9531 2659 
4505 3299 
758 251 

6728 1274 
8646 8184 
1092 9168 
3384 3539 
7163 1428 
8150 9780 
1466 5986 
356 9443 
2216 1145 

8884 7322 
7574 8430 
2256 7463 
7427 1787 
6474 1932 
1439 7232 
8535 8167 
4859 7181 
2704 5951 

6349 6088 
5842 9865 
7516 3992 
5997 5334 
6330 6353 
4777 8547 
3850 3661 
5869 1424 
8443 8126 

5239 5870 
6265 1714 
4155 4056 
5298 2690 
8576 157 
6224 1280 
6109 8925 
7368 8303 
5142 1236 

2296 1139 
6570 8626 
3844 7700 
3525 4046 
7713 9395 
5471 6157 
3873 710 
8379 138 
8776 8886 

547 4075 
1577 9123 
584 4153 
403 6693 
3078 4123 
1349 4573 
5359 3645 
5712 8281 
8623 5909 

2333 8501 
9955 47 
7896 1778 
2556 8121 
2489 935 
4611 7617 
6174 5158 
1692 4103 
4281 2277 

8256 4684 
5322 7686 
8807 6671 
2259 518 
6668 4324 
5152 1644 
233 7485 
145 6540 
3884 4393 

8319 6440 
2514 7160 
3728 3477 
4777 9902 
8636 2822 
4005 2917 
1451 8613 
3954 3125 
6299 9113 

6149 8559 
9632 2817 
9235 4784 
813 5820 
8621 7310 
2360 2506 
8055 7031 
8946 6921 
543 9026 

399 1673 
8928 9035 
4495 9285 
8304 2298 
7898 2258 
5423 4198 
7724 7924 
9109 3708 
742 8344 

8492 7907 
4164 3465 
5218 2876 
5971 9625 
9908 1270 
6547 451 
296 6946 
8476 5577 
5981 2971 

4862 637 
1621 2761 
9248 3397 
3311 6972 
1321 2420 
680 8415 
7116 5524 
6323 7632 
8989 7893 

508 1313 
3870 6768 
2583 417 
3572 9231 
7363 2048 
4808 9696 
1372 9671 
334 2993 
8784 9582 

2742 2095 
2906 4064 
867 3586 
8831 7983 
9110 1506 
1967 4451 
5751 8827 
5764 9622 
5596 4699 

39 5520 
283 3755 
3920 5091 
9803 5292 
1114 137 
4638 9898 
6071 7380 
8345 5329 
7796 9212 

8915 6628 
3547 4377 
8134 5514 
5181 3886 
694 7297 
3508 6290 
1997 9899 
8162 8632 
3654 2082 

3723 3458 
7375 1190 
9947 8365 
7440 2371 
2097 5786 
7700 9894 
1350 2968 
2874 1250 
3697 1008 

3116 8878 
1246 3810 
6176 1106 
6452 4525 
1006 4614 
3157 1012 
3049 3232 
822 6776 
4422 7122 

5141 8215 
9493 7238 
353 3545 
3484 1703 
6513 6358 
9305 211 
7367 2422 
5441 4965 
6232 1617 

6072 2685 
6142 3430 
3651 5651 
794 6700 
8884 1617 
3476 9658 
8739 4969 
4225 8232 
2208 4578 

8129 5692 
2634 4643 
8403 1939 
1206 5770 
4361 6647 
7087 6946 
4617 9511 
9631 7111 
2941 9634 

2763 3736 
2687 7999 
5353 2515 
4009 444 
7485 8235 
5028 6045 
2813 3157 
8089 5447 
4152 6492 

3739 5358 
8614 8100 
8358 5702 
5046 2975 
5213 1029 
86 4507 
7016 9201 
8243 9703 
7200 9948 

8570 1210 
392 6055 
5797 5420 
8452 8610 
4929 6542 
410 9082 
9386 4149 
4440 8001 
8601 9150 

55 0 
2125 1620 
7381 8564 
2479 749 
7765 722 
6804 4966 
7022 5375 
2528 3766 
1430 8325 

5538 6235 
3287 468 
2777 49 
9550 8515 
550 342 
6516 9152 
9493 2923 
5504 7970 
896 9237 

6534 3375 
9987 4300 
450 6791 
5618 7472 
2166 8146 
7591 9949 
2823 3129 
2536 6110 
9949 5313 

6160 5851 
3828 6710 
6194 6697 
2214 2039 
5972 4070 
9 6868 
3308 6544 
6596 9647 
844 7046 

6438 6462 
870 4957 
960 8461 
1258 3783 
7943 3794 
6245 7892 
5459 8757 
3744 5639 
5468 6290 

8688 4034 
8329 4661 
8105 8338 
7881 7765 
1234 4477 
7412 8430 
1523 202 
4892 2394 
5159 2204 

7207 2769 
2339 5150 
6563 8585 
9395 8374 
7342 3139 
4014 9162 
9429 2702 
9549 4110 
7363 7654 

8800 1597 
1771 35 
6074 9183 
8465 3950 
9385 9710 
2696 897 
1914 9903 
3666 4254 
1406 6582 

9191 801 
4956 2885 
292 8970 
2048 9721 
8025 7949 
183 1740 
1955 8983 
3337 3726 
9018 9412 

2909 3836 
3362 8646 
3546 6058 
5895 1812 
2313 9562 
2418 3719 
2496 1609 
4520 3804 
847 4812 

9127 2895 
885 7152 
7196 1068 
8892 9151 
6404 2230 
2877 1774 
1642 2138 
5610 1356 
784 5508 

3766 6680 
7321 6079 
2594 9739 
9799 1442 
7701 671 
5246 8548 
5484 4373 
7795 2721 
1525 4991 

142 6770 
4142 6546 
9000 7019 
4672 6994 
5509 283 
4702 6293 
2143 8468 
9325 9464 
4547 8271 

5556 698 
6065 3257 
1370 1312 
8157 3206 
2037 5952 
5927 9915 
7295 6069 
6685 1437 
8967 2037 

4808 9992 
5383 6669 
6627 85 
9314 8770 
8553 8640 
8235 3100 
3263 143 
3799 5681 
9752 1521 

3345 7909 
4727 5382 
213 654 
1649 7508 
3076 8334 
5297 8395 
6723 6457 
8387 2106 
3126 5014 

2191 2440 
3785 7096 
7432 8372 
197 7048 
4867 348 
2729 4619 
1869 6074 
2528 6596 
7808 2741 

3602 9458 
6601 6678 
4144 1898 
1426 868 
4707 9813 
9326 7833 
1180 7870 
6625 1317 
4966 4058 

6041 1515 
7458 908 
1863 187 
5527 84 
2613 4407 
3032 421 
7148 6635 
9879 101 
9665 4024 

8351 7443 
1244 3058 
3609 6922 
7243 4789 
4792 3868 
6106 9759 
4278 8499 
1274 8088 
9407 9490 

8275 1286 
5926 7240 
5693 8959 
7662 9193 
1946 3893 
9294 7963 
4269 7645 
5407 5513 
7055 9016 

2436 4298 
3805 3580 
4518 6263 
3339 5149 
1114 966 
3237 521 
6808 7865 
1807 2734 
5105 3852 

8045 2767 
3045 9991 
6661 2339 
7955 930 
6336 9714 
2796 3391 
8730 1584 
4041 8887 
5164 8559 

1502 4856 
3708 2616 
5822 3298 
9489 8982 
1163 1296 
8068 6268 
1500 6114 
5388 4545 
2457 8401 

3236 6764 
5683 9572 
6478 8479 
9315 1560 
6415 3356 
6799 1580 
8267 8301 
6436 8328 
7269 8610 

1626 6758 
3944 2789 
4406 2012 
9057 5906 
8126 797 
451 584 
9198 39 
7348 4882 
5963 179 

9713 5278 
1739 2481 
4986 8539 
4061 9606 
3192 6849 
7934 462 
1811 9560 
7220 5755 
2349 1627 

7767 7758 
7533 2246 
8556 4337 
9182 7754 
4376 6530 
8988 340 
3061 5054 
1970 4801 
7535 3309 

9692 7948 
2915 2884 
1149 849 
3346 2960 
409 567 
5067 9110 
8546 9186 
6868 2431 
7784 5424 

3120 6966 
9531 7497 
9849 4871 
4189 2910 
6277 2511 
7711 3812 
5820 7403 
8112 8735 
6640 9261 

5936 9986 
8573 6345 
6905 3640 
5455 1803 
9179 8676 
4235 6963 
452 7355 
3930 6335 
1204 3779 

1207 1745 
6689 7484 
4257 753 
7649 77 
4508 5761 
5165 1148 
5023 1101 
7487 3596 
3799 744 

3589 5606 
2548 2768 
4282 3135 
9731 1087 
6842 13 
7422 8047 
3792 8629 
6144 6834 
2466 401 

3939 115 
6831 8447 
2228 8348 
5948 7251 
5801 3435 
7200 9600 
4179 789 
5207 3079 
9909 5841 

6214 9640 
6928 9409 
6006 4351 
3808 6150 
9332 9952 
2984 1798 
354 6923 
8265 3537 
1723 494 

1885 7671 
4097 7686 
1106 1297 
3639 1637 
8438 5198 
1069 8347 
7391 7283 
4340 4320 
3044 346 

5023 6852 
6496 707 
6805 5833 
8858 3511 
9108 7123 
7048 831 
3969 5285 
8502 4419 
9323 5960 

5716 9314 
3950 507 
4512 5019 
8854 1904 
8654 9546 
2576 1699 
9892 3951 
8551 2741 
1010 5356 

4926 9868 
5219 4034 
3344 8619 
1218 3665 
3904 9720 
8084 9580 
2033 153 
8894 2335 
660 9759 

7354 5866 
8015 2360 
5413 591 
4059 1657 
894 8963 
750 1904 
671 5676 
8125 5891 
9711 1469 

4510 7281 
5134 4767 
7001 3219 
4347 5386 
3372 9593 
7721 384 
9352 1427 
6250 7367 
3788 8015 

4310 4199 
9673 1556 
3162 423 
3461 3834 
6100 1586 
9725 2163 
9407 587 
9444 4541 
5354 2797 

4112 6053 
4536 3836 
5647 2257 
4220 4999 
37 6823 
8719 3825 
4838 9381 
8024 4511 
938 7539 

4935 751 
1373 7387 
8689 7450 
9550 8096 
8037 5346 
8989 9744 
4495 3102 
5797 9031 
6938 1444 

7641 1159 
2796 7678 
7982 1515 
7855 9172 
7248 2231 
3684 8186 
9770 4971 
8937 1143 
2358 7626 

8593 8260 
2074 2983 
9958 1064 
2727 4453 
4166 8524 
9837 1104 
6321 7478 
8615 9117 
1508 2949 

6984 5715 
2122 4232 
7946 2158 
8771 7717 
7129 7708 
5212 9487 
1687 158 
4099 3761 
3141 4057 

4825 2220 
8510 5343 
744 4699 
2800 3417 
2177 1415 
2534 37 
717 5870 
5752 9191 
6455 51 

1349 5226 
7768 8478 
2934 2980 
4317 973 
3138 8416 
4735 2631 
8825 5912 
4851 3687 
1256 1948 

8387 408 
5365 6916 
1823 4252 
3306 8892 
122 9058 
8083 6577 
9109 5784 
1803 3229 
614 1090 

6210 4931 
2063 5700 
9699 3150 
8332 8524 
5415 9535 
2212 6671 
1483 6951 
7079 6849 
3867 5254 

1101 7173 
499 7575 
2584 4934 
505 8045 
719 8660 
1275 1333 
9750 3837 
2617 8166 
9537 2316 

1316 4221 
7193 6731 
3757 5757 
9754 1592 
2708 3185 
8441 2927 
4792 5894 
101 1643 
9822 9037 

6577 327 
7082 7296 
8987 4709 
4982 8738 
8546 7599 
3256 4436 
6267 924 
5009 3460 
7656 5118 

9217 3762 
6711 1925 
3300 5152 
1205 8092 
7399 1306 
9735 7221 
6695 2664 
7548 3777 
6313 6535 

8487 1295 
1625 3385 
5246 1233 
4173 1513 
2158 9183 
4974 9814 
4301 4191 
9928 1012 
2469 3228 

2517 3674 
7672 6268 
1332 3759 
3489 8027 
6424 7389 
8156 9089 
276 2995 
384 1902 
6381 5630 

3135 554 
3495 1645 
9737 8469 
7811 391 
9013 7740 
7755 1482 
7320 272 
1508 4993 
6540 2840 

5104 6381 
7219 7880 
3770 5375 
6969 4047 
8371 3705 
2301 1104 
5687 5436 
1658 9183 
3434 7748 

4004 1245 
4491 3017 
8985 2246 
851 6306 
2519 2359 
7651 5411 
1551 9107 
1793 5122 
3340 5563 

498 309 
5962 5221 
367 8263 
6325 2406 
52 4335 
7941 3486 
8435 1946 
4731 2926 
4963 69 

5173 2167 
2727 4044 
4526 378 
5807 2430 
5837 3952 
7552 9177 
5868 4402 
5839 1830 
5975 2558 

94 8652 
4964 146 
9340 2906 
9984 7775 
4852 4715 
7054 6167 
4784 8579 
8334 7511 
2623 9213 

4241 4782 
7995 6431 
8735 1899 
5608 4603 
2654 7799 
2785 8629 
357 2879 
7282 1674 
9377 2974 

4580 5713 
749 5784 
429 7803 
8303 1565 
6382 2990 
5429 5357 
8555 9670 
140 6550 
6101 5227 

8449 8062 
6182 7455 
5861 8967 
6085 2571 
8199 9719 
4245 3928 
2693 8825 
9642 9794 
961 6423 

7598 9264 
7988 332 
8606 3417 
5690 7161 
9440 2182 
3711 1893 
3761 8513 
9955 9943 
5968 2169 

5262 8405 
4740 3461 
8124 5337 
3742 7169 
514 3384 
6964 1475 
6159 914 
7091 4147 
1246 5698 

3917 3288 
2859 3357 
1822 2923 
5250 1935 
1436 1558 
1878 3756 
3727 3493 
2162 4819 
3306 6638 

156 7048 
3808 670 
6784 7124 
8497 2943 
4390 1940 
3443 5636 
7638 7360 
5277 6850 
7069 3451 

9773 2319 
5387 1209 
3877 3617 
1317 3956 
7110 3479 
5127 417 
6470 1635 
3817 6630 
8657 602 

106 7154 
3545 4496 
9095 3340 
6484 3085 
700 1761 
9935 7769 
1565 9708 
6441 3304 
7269 6670 

6921 8587 
627 384 
8418 2106 
801 1240 
3742 4618 
7870 2399 
1572 7976 
5906 1470 
2472 5001 

4810 8957 
4438 1863 
7070 4374 
9632 4987 
434 6073 
8291 7704 
9096 5213 
2643 6075 
5597 7413 

8181 2750 
8654 1923 
3720 6524 
675 1645 
853 6581 
3115 3325 
7934 4277 
8634 2372 
6140 2057 

3098 2125 
7044 3533 
8198 5336 
7589 7294 
6901 232 
9721 8850 
3997 7903 
7952 2651 
6178 1672 

5528 6853 
3317 6381 
9786 2784 
6058 4072 
7062 1045 
2797 9554 
3102 5895 
1679 146 
5780 6230 

1834 3369 
9876 8735 
9953 9598 
3937 3951 
7501 1889 
2954 31 
3562 8482 
3237 3231 
1215 3023 

2368 7274 
3448 5782 
8319 6245 
5336 7773 
8492 3368 
7919 4273 
9598 6106 
3994 5826 
4841 300 

5424 8779 
603 9277 
7020 3557 
9309 6934 
8392 2546 
6518 9607 
1921 8886 
3233 5369 
1020 7904 

7966 2708 
5677 6459 
6076 3597 
7084 2026 
9703 7430 
7853 896 
7730 3277 
6027 4685 
8907 3048 

4595 8216 
6334 2987 
7114 2852 
8946 5387 
1738 2180 
7109 9110 
84 5075 
1819 5762 
1534 7895 

5711 4970 
9922 1766 
2401 4127 
2662 6483 
7404 5042 
1169 2663 
4442 5764 
7231 776 
5103 4345 

3629 4049 
6085 1719 
6229 3194 
830 2666 
8269 2649 
8428 6156 
6896 4139 
1126 6818 
5905 3527 

7297 4919 
6363 4702 
6313 7532 
3717 755 
9648 949 
1532 4751 
1646 1513 
8800 7731 
3232 1382 

925 414 
4048 5547 
9415 8828 
1703 6312 
2967 9181 
9482 5224 
2709 6780 
6495 5424 
7834 2809 

9308 1551 
9916 8956 
2500 7800 
59 4147 
9313 5211 
8230 8898 
2945 5508 
9312 6993 
1055 8728 

5821 2758 
5040 5140 
1939 874 
6716 1000 
7654 9564 
2776 5488 
8725 2084 
7040 8641 
1040 5892 

2794 7451 
39 2107 
2663 4622 
7357 1960 
130 6670 
8954 1185 
1750 1127 
295 3142 
2620 8586 

4016 5688 
5939 8023 
5252 8715 
3511 329 
800 6903 
5323 8192 
2796 8117 
1996 9187 
224 4659 

161 7582 
6619 291 
604 1925 
1476 2354 
9405 8123 
1848 2025 
6710 2216 
4065 9001 
239 5670 

7716 103 
5999 4868 
7006 1322 
3061 6154 
9439 5057 
1694 6016 
6068 1855 
9950 9039 
8499 554 

7317 9975 
9260 6722 
4451 7460 
5099 7513 
9676 9164 
6514 9916 
1186 4230 
19 7186 
9099 3377 

4860 8512 
5884 4300 
9921 7578 
6668 5989 
5785 6618 
1380 4284 
3524 8697 
612 2784 
1771 5063 

6596 3222 
2576 6272 
8739 9090 
2540 9925 
9672 2559 
3463 5123 
2289 8324 
3635 8173 
8976 3556 

2103 5644 
5897 7888 
2262 3630 
8525 2138 
8679 9137 
1274 6803 
4200 7870 
25 3128 
4142 8764 

8570 6683 
5042 8242 
5594 8505 
9718 7883 
6829 3353 
2408 5805 
3262 4511 
7801 5511 
2400 6415 

5493 7277 
8553 4173 
6414 9827 
976 6966 
7697 1001 
6446 8192 
6118 5016 
4875 7512 
9610 469 

6017 9328 
4705 9199 
2682 7113 
1356 2296 
1625 9158 
4159 377 
5573 9653 
7654 4127 
3826 420 

306 1154 
7386 8004 
8507 3832 
2548 4625 
5200 7423 
2137 4810 
4244 4507 
4139 5301 
3706 3173 

2415 5062 
1821 392 
572 5980 
7121 6146 
1985 1127 
6625 5811 
1547 6931 
3317 5285 
1287 1825 

9117 3835 
6450 4317 
7610 4940 
9127 8207 
5799 9618 
3508 5857 
2791 2275 
7271 4612 
2667 7844 

6945 6140 
342 8930 
7267 6967 
1094 5166 
250 4411 
451 1538 
6236 9568 
1725 9039 
237 9336 

331 5717 
7543 6130 
1687 7403 
8339 4479 
9679 5610 
5443 8698 
9806 2388 
4839 148 
7671 8458 

3467 8765 
3625 3718 
3176 4076 
1608 5765 
9997 9685 
4804 234 
5373 5135 
2303 2916 
7617 3991 

6672 5956 
4822 6351 
1566 265 
5049 7725 
9006 6240 
7873 6677 
4699 1341 
1794 8324 
5059 1322 

8752 3019 
7087 8749 
2704 1891 
5336 8078 
3378 7639 
7346 7347 
7982 4018 
3303 2804 
6721 1222 

9422 8123 
8947 4780 
4363 3172 
7809 5414 
4513 9603 
90 5924 
7277 8843 
8943 4365 
3944 1648 

2608 9280 
6078 5987 
3272 3424 
9686 1254 
3795 2990 
411 516 
564 6185 
8639 5863 
7317 9355 

9035 5126 
1121 3549 
1081 1212 
9473 8358 
6407 4769 
2723 351 
2769 1684 
5984 8847 
7671 9256 

8623 7357 
6862 2418 
6699 7273 
9287 3615 
9810 4278 
9478 7127 
3633 8514 
8605 1107 
2063 9686 

8671 7888 
4397 5078 
9009 7120 
1781 1778 
8804 7765 
6977 2827 
7021 5601 
6537 3884 
4371 9588 

7509 3658 
3204 3672 
4289 2682 
799 4274 
1196 5757 
5381 9611 
5443 4052 
3852 9840 
5482 2861 

3313 7264 
992 8469 
1381 4321 
7649 4755 
6274 538 
4991 646 
126 2500 
656 9682 
2524 4945 

2365 9676 
5572 9913 
5433 953 
5877 876 
1358 9729 
7069 6840 
8942 6734 
456 6286 
1555 8190 

608 5556 
2945 3234 
6094 7936 
232 2573 
6788 889 
2255 9313 
2186 972 
8989 7758 
886 4422 

5064 6763 
1650 6422 
2844 5071 
9614 1786 
8157 6423 
4425 9713 
4613 1385 
5269 7558 
4619 7716 

1846 4852 
289 8634 
2093 8896 
7947 631 
9869 3288 
8390 7107 
7710 9806 
3870 5713 
2580 6714 

784 2194 
4852 8942 
8617 5629 
5007 9582 
7014 276 
7140 7986 
4344 8986 
2838 985 
3973 1283 

6234 8272 
1914 6103 
1561 6656 
3210 9271 
6462 3432 
4984 9042 
6498 2121 
7589 7702 
1063 6206 

3332 6070 
5789 6698 
2698 9281 
4684 3395 
4620 3874 
4380 4945 
5157 614 
3217 3424 
3069 4778 

80 2631 
402 2895 
6063 1738 
8289 2561 
3859 5878 
6616 4922 
8437 9948 
7344 578 
2998 6395 

9859 7683 
9790 831 
7909 522 
5776 9419 
7489 8994 
2843 558 
124 9275 
3190 526 
2170 5605 

2265 460 
4519 2476 
6338 1135 
3751 1127 
7435 1095 
1705 433 
3842 7917 
4468 3632 
8748 2378 

507 877 
8149 7996 
6223 992 
8554 6347 
267 8096 
3226 8790 
54 5491 
9250 4573 
4319 1940 

5708 8070 
3068 9495 
9166 1125 
9928 3008 
9042 4397 
2993 4143 
3127 3500 
5020 1276 
1496 1243 

8620 6402 
3942 8887 
851 7168 
7677 905 
9011 3279 
1830 3331 
1572 3890 
1401 992 
3385 6919 

2117 3313 
6280 1160 
4062 9273 
5303 3541 
9125 6675 
4817 621 
7918 3437 
3375 1860 
8677 4226 

5381 2706 
1483 4392 
5986 3313 
7723 3910 
7203 5477 
4902 6940 
2396 7019 
254 8676 
4531 668 

4301 9834 
4210 3426 
2861 5379 
399 779 
8817 127 
8992 3846 
705 725 
6552 2189 
5117 8890 

1854 9193 
2800 5410 
4670 7702 
2350 7066 
1074 8956 
2095 5605 
9625 6396 
1792 3835 
6175 4653 

9214 6574 
1785 4383 
6701 777 
4581 7407 
1502 1134 
5948 2971 
6376 7802 
2164 9177 
3212 6834 

3231 1915 
253 4305 
871 8700 
9911 496 
1448 1703 
683 7623 
6356 6250 
550 8141 
6985 3603 

5270 1567 
7362 3124 
2701 3310 
6096 5429 
7465 4612 
4606 7029 
1447 7838 
8944 8052 
2143 9816 

3104 8406 
312 4552 
109 7348 
2176 2818 
3598 9078 
959 583 
2681 2582 
2150 44 
5706 1203 

3354 8154 
6633 819 
2767 7591 
7849 566 
1781 3145 
8618 277 
2961 1722 
8683 3274 
2626 5145 

622 4802 
7963 572 
3880 5274 
1155 6562 
7856 9658 
2958 9915 
7213 6312 
8069 198 
3484 836 

4142 7685 
1402 5923 
830 6372 
6200 3792 
4446 4884 
3418 7073 
6381 392 
1875 4344 
964 2108 

5970 8471 
5022 3827 
4481 7980 
3742 1695 
644 8163 
8245 480 
9000 2387 
4517 402 
8311 5348 

6775 863 
5492 1221 
5747 5262 
4646 8480 
5654 2874 
2824 2970 
4982 8795 
1441 6356 
8974 5923 

688 9068 
3970 7684 
7231 8567 
8165 6231 
955 2682 
2986 5618 
4382 6113 
6481 6226 
7334 8581 

1488 8333 
7061 7142 
1207 6238 
112 2541 
5033 7906 
8897 359 
181 5937 
9427 503 
3621 6658 

9070 8138 
9242 25 
7173 2228 
5643 7907 
8341 8477 
4134 2027 
7058 5622 
360 4119 
9117 7919 

357 5581 
460 1742 
3487 5709 
2101 20 
1646 7880 
523 1620 
4539 9594 
9758 133 
5971 6931 

8713 7967 
4839 7054 
6444 5325 
5433 3502 
947 2146 
7621 64 
65 4331 
1998 526 
6073 5485 

6235 8175 
1858 4234 
2407 2381 
5854 6946 
8327 5612 
3431 4299 
8896 2144 
2266 87 
5550 8710 

5412 984 
8564 2711 
9482 2537 
9128 9547 
6868 1126 
6425 2942 
2963 9013 
7469 4821 
3247 9876 

7203 9101 
3175 5530 
1065 2958 
6181 6313 
5103 4799 
6400 653 
9861 8164 
7989 8425 
876 7471 

963 6356 
3371 4183 
7482 9796 
7125 445 
5161 946 
5267 8408 
7175 8822 
3861 6702 
704 4927 

9660 3238 
1240 1115 
8037 3993 
1769 7899 
2157 6110 
6324 9385 
3582 3639 
5741 3305 
7823 9575 

9453 1300 
21 4615 
8599 1640 
9375 5774 
6814 3237 
8828 3870 
4516 8488 
7108 2108 
9604 5146 

6101 7725 
3045 4611 
3835 5721 
348 3769 
5713 2442 
7074 9888 
2017 6528 
1188 8390 
7495 6139 

6382 6870 
8265 3196 
107 7093 
7067 4623 
1934 4175 
3084 1538 
5673 9185 
5615 5070 
148 5802 

7144 6849 
9572 2857 
9291 2998 
9097 7660 
5878 6637 
6051 3373 
2777 2433 
244 1042 
1982 6703 

8136 9049 
7679 70 
9576 763 
7960 1602 
6300 9927 
6672 6449 
5729 3816 
3298 1653 
3025 8941 

1004 8474 
6601 6882 
5112 2652 
6608 7889 
1438 6852 
8931 3420 
3555 3419 
8821 7586 
9841 8397 

8349 7801 
9999 4650 
7728 3024 
7451 9810 
3192 7101 
1463 2570 
6042 2467 
1044 2643 
5702 6156 

1648 2310 
397 3086 
5514 5681 
2858 5421 
9100 1679 
3008 8942 
6428 1357 
3095 2780 
2359 7176 

5804 9810 
6986 8996 
6911 4801 
7918 9305 
3621 8963 
1949 9323 
1471 9949 
7985 1869 
9387 3499 

7550 2245 
8920 3002 
3924 8280 
8296 352 
5990 1392 
3132 8349 
8568 5288 
8160 1906 
4285 1423 

3059 2203 
729 6680 
7518 9030 
2355 8990 
8979 6692 
7211 8366 
6543 4761 
6963 1816 
7763 887 

96 2412 
7591 6086 
3804 724 
4436 8724 
6012 8948 
6982 6649 
371 41 
5205 7452 
3074 2723 

6482 1781 
8065 1813 
8474 5276 
6531 1369 
6389 3494 
3185 505 
4381 3282 
2917 1973 
9368 3073 

9049 156 
1797 1413 
5456 8779 
8063 5828 
5172 3268 
9632 4598 
2343 6115 
6380 6761 
7928 1206 

8389 4460 
2575 4779 
7954 2113 
5284 8688 
5395 4553 
7013 1115 
7626 6062 
7624 9423 
7475 3080 

4554 1890 
5260 6078 
1510 4893 
677 206 
1008 3409 
6967 5288 
967 5356 
6100 9894 
6487 407 

2007 8123 
5447 7402 
2676 2460 
4870 302 
4874 8846 
6077 8701 
1926 631 
6944 7187 
3062 8454 

8432 3739 
8660 9440 
7148 1979 
1080 8115 
3688 7181 
8009 6527 
3940 6369 
4651 9387 
123 7327 

8199 4993 
3982 3073 
3839 59 
8126 2118 
7043 5070 
5657 105 
9877 4089 
196 4889 
9881 7344 

3221 961 
1811 6909 
4494 6172 
9788 4786 
2541 4439 
4173 2665 
8119 8724 
4010 2101 
1797 4202 

8512 6276 
6320 5555 
7698 8329 
2012 7575 
2418 2208 
2465 2299 
9552 5686 
9612 7715 
8947 459 

240 8735 
5245 9133 
9527 5771 
8150 7646 
4495 2161 
6099 2645 
2715 4611 
8921 5387 
6519 6619 

3716 8531 
547 6134 
740 3012 
4785 6644 
5050 4397 
4360 349 
4856 952 
9084 6454 
85 4963 

2225 8236 
2609 6720 
6749 5060 
9365 9464 
9672 4638 
4851 6191 
7610 4919 
1074 8157 
1053 1814 

7521 5838 
8459 8923 
6587 9171 
9272 1444 
123 4708 
4250 6560 
6024 6475 
4796 8633 
9547 7897 

46 5265 
3713 6070 
9903 8564 
8613 3865 
3483 9687 
8374 888 
1502 2247 
3078 9961 
1170 9666 

5484 6794 
7462 5607 
7855 1712 
2167 3879 
4539 3316 
8864 4086 
7565 8910 
9351 1279 
4980 5607 

9843 3593 
9472 9679 
9633 4199 
6919 1135 
6446 9998 
7448 3969 
6016 2932 
7115 3478 
4891 4970 

1542 3410 
5201 6081 
3078 4066 
167 644 
9328 5871 
1923 661 
1478 8118 
606 7302 
4149 239 

1501 1069 
7726 7948 
7419 5174 
1917 3435 
4458 5384 
6913 5701 
355 4807 
5464 1908 
888 8542 

5974 1055 
5538 1655 
6926 7461 
2316 4756 
5580 9274 
2059 6081 
9514 3560 
7150 3592 
7860 921 

8767 6129 
4356 9577 
1514 7621 
1631 8221 
2428 7095 
129 3316 
1989 6104 
724 7528 
4111 4002 

4989 2779 
8759 6921 
2053 7170 
3003 7919 
730 6505 
1512 8591 
7427 6631 
1072 8135 
6208 2586 

2109 4191 
807 889 
1286 937 
4206 3276 
3393 1282 
7156 7504 
5284 2145 
6635 395 
5419 8688 

7565 4774 
6608 4648 
1279 4472 
9591 5058 
1103 663 
9546 3663 
9602 1655 
7855 409 
8896 5493 

7698 9454 
5121 1091 
736 2277 
4947 2373 
775 7934 
9120 6194 
6623 6686 
7320 9583 
7686 4951 

407 7277 
6362 1510 
4292 5908 
5173 3894 
3915 9380 
656 2811 
4874 8354 
2266 9995 
5798 9354 

8625 7097 
8079 9400 
5032 7200 
1946 8007 
238 5618 
3942 7924 
569 4349 
1553 6931 
5859 5845 

9191 7384 
6092 9458 
6765 6748 
8622 7991 
1454 7240 
4338 7252 
6594 2963 
702 4674 
8715 2086 

1874 7013 
93 8464 
2631 387 
6388 9553 
4736 4293 
6484 6947 
6490 2028 
4331 2582 
1486 7448 

5682 108 
1791 7137 
7348 6130 
741 295 
5445 7795 
1321 513 
9881 9547 
3878 6326 
8011 6510 

6713 751 
2415 1449 
5044 5251 
4748 1534 
7279 5432 
469 5118 
9232 2503 
1578 1024 
5992 5279 

3506 3086 
5574 8951 
881 6895 
5816 763 
6442 9695 
3441 805 
2557 155 
1556 4972 
7956 6600 

223 2705 
4486 3855 
4489 1307 
8973 3721 
3811 551 
4745 6155 
5830 8251 
9241 7756 
3555 123 

4651 9371 
7238 7445 
5418 679 
8250 7975 
7186 6158 
9299 1495 
9110 5875 
552 3597 
9730 5041 

1256 5055 
8762 1419 
5606 9860 
7575 7789 
8111 6816 
5545 8018 
3291 6549 
3742 529 
346 9160 

7561 4949 
3488 1099 
1107 2787 
2594 218 
5014 3146 
167 1096 
8187 1423 
6151 3302 
2843 8110 

3162 6770 
5899 1273 
9938 7796 
5644 3230 
4345 9386 
111 4692 
8546 7672 
5993 2034 
8772 7100 

1174 1366 
7318 2540 
865 7485 
3637 9052 
5261 9788 
2354 4456 
7898 5516 
1226 149 
3142 1164 

7946 8786 
746 2291 
8172 858 
3335 3070 
4882 9328 
1457 3654 
6429 2631 
1373 99 
1523 2238 

3937 5160 
7642 9198 
1301 6349 
6 9199 
8217 7584 
9349 1359 
5100 7295 
6497 5847 
5938 1021 

6705 5626 
4092 1587 
1306 5549 
1594 7735 
4532 9319 
4187 6055 
7909 8124 
7568 1903 
3674 8869 

8252 3680 
4420 6470 
7616 3769 
4181 2716 
7416 679 
8563 9707 
1700 1620 
5333 2144 
3208 6639 

7693 1154 
727 8577 
6825 1266 
4633 4734 
5742 8553 
6637 9416 
7422 1242 
9448 1842 
7712 7064 

1964 8245 
9780 5732 
8924 4696 
5439 6977 
6316 7124 
9121 5876 
116 3167 
7030 7195 
1744 207 

8461 2729 
4941 555 
1282 7931 
9971 8704 
9173 5771 
6899 3237 
9187 8863 
1482 8967 
947 6759 

3663 6387 
3736 6332 
9863 9209 
2208 6331 
2376 5591 
3526 4121 
5798 8339 
6850 7092 
8894 8133 

5023 5217 
3189 548 
7340 6440 
137 6527 
1655 7971 
5495 2603 
4730 5510 
5342 4818 
1842 5205 

4028 403 
7889 6404 
5994 7767 
525 1792 
2459 3728 
5236 1353 
8213 259 
2923 7754 
7159 263 

4195 3648 
6791 5850 
1620 8638 
8453 2702 
500 147 
7521 8695 
1705 1549 
9098 9594 
4305 1444 

7361 1183 
9588 9820 
4911 4825 
7526 3124 
1436 6801 
7230 8596 
7064 1425 
2244 207 
3628 216 

5197 2081 
2919 5698 
8581 440 
4393 286 
8341 3491 
9880 8998 
1287 7241 
181 875 
3414 5092 

5700 940 
4568 7137 
4093 1799 
2085 1157 
9576 4329 
7717 3204 
898 2914 
1638 3817 
8612 219 

609 9357 
505 5302 
2848 385 
4300 4135 
3978 4482 
1363 7392 
5926 7063 
4684 495 
4200 8777 

8646 6285 
6287 8222 
6967 356 
1427 7865 
3270 3065 
8034 1883 
3284 4995 
1240 3789 
297 441 

526 4597 
928 4504 
5431 2291 
8249 1358 
5707 9285 
1853 6259 
4415 6851 
8897 7054 
5073 5864 

7410 6500 
81 680 
9565 4467 
8915 9201 
9462 6508 
2990 9759 
3301 3516 
708 581 
4373 6140 

9225 2622 
3850 4932 
1907 5703 
1191 2674 
8906 6440 
9728 3979 
8656 7138 
480 8737 
4171 6397 

9556 3086 
1951 9018 
9594 4941 
5129 9247 
4810 2190 
9829 9183 
4682 9054 
8157 8532 
338 6416 

587 7881 
9091 9493 
4322 8819 
3472 2978 
2310 304 
8068 6481 
3054 3976 
5919 5005 
2995 5514 

9946 4476 
1113 1108 
6666 7294 
6643 7700 
6348 4800 
6232 3038 
1217 6819 
7272 6660 
6312 1594 

1831 9785 
924 4141 
6441 5344 
6974 9495 
9321 2894 
4500 8668 
4760 799 
9496 5873 
8259 2515 

3168 4903 
215 5868 
9703 6448 
5259 7272 
3267 2531 
284 5932 
477 2116 
2069 7753 
2609 8510 

3098 5936 
4358 8771 
8830 8858 
7439 9942 
6009 3287 
5815 4269 
5802 5335 
5524 6018 
7556 5227 

2466 2815 
8852 2085 
1698 9136 
8017 2175 
7604 86 
6280 6566 
8597 9378 
2502 2955 
4501 7684 

8165 8292 
7626 527 
1580 9793 
4796 7382 
1481 320 
3400 9037 
1899 5866 
8204 7103 
4304 6254 

2592 2321 
4781 196 
2408 1061 
3114 7357 
6792 5616 
6664 1293 
9652 4829 
9586 7278 
5356 1166 

3424 6504 
4900 4905 
3176 8301 
294 1428 
519 4850 
8531 4823 
1104 1123 
7145 5885 
7672 5905 

6946 786 
9614 3738 
2755 6278 
1384 2407 
7459 7322 
6038 9168 
8488 9462 
5672 3388 
4367 5201 

8041 4661 
6629 8561 
9511 1512 
9736 6967 
8988 3233 
2852 6660 
9138 6150 
3798 5104 
6241 2905 

1382 7625 
5313 8842 
4947 7703 
8010 9787 
7165 34 
9527 1532 
1587 3921 
2545 4568 
2482 8408 

6081 8570 
5375 5069 
1804 4579 
8081 7294 
729 1879 
2399 6970 
4785 133 
947 6450 
8975 2246 

4153 3337 
8385 1318 
9724 4265 
9202 1311 
8186 8099 
5880 7020 
6507 8313 
5590 8234 
3382 3746 

2813 1463 
1041 9894 
9694 9792 
3217 4479 
9925 4164 
7281 5253 
2763 1434 
4942 1148 
9104 1018 

5413 4658 
2330 3599 
2757 4562 
6971 5616 
2875 2562 
202 2609 
6308 3015 
424 3701 
2910 118 

9845 6127 
4598 6123 
6643 1879 
7728 5758 
9666 2670 
3259 8770 
3689 8672 
9781 2371 
8624 2538 

3285 5595 
4507 2512 
4509 4709 
5121 7170 
4077 5545 
871 6987 
5663 717 
9466 6613 
3192 2461 

4845 920 
4572 4511 
3590 7831 
9633 3631 
2855 9414 
6002 7831 
8305 9287 
9779 2812 
1799 4288 

7521 3272 
1458 1598 
5169 8682 
4937 833 
5751 755 
3798 8943 
9569 8643 
9863 4141 
9506 9805 

1972 5492 
3437 4827 
4906 5791 
2659 9563 
1431 2438 
2375 9582 
3078 6249 
2855 4537 
4199 8024 

9571 5489 
5209 5322 
2596 5360 
4265 2165 
355 480 
2658 9862 
285 982 
5354 74 
5810 6612 

5866 4821 
6176 7297 
3611 4903 
6879 3041 
7504 6086 
3930 8056 
463 3501 
3545 2024 
8823 6141 

7384 9440 
4659 7740 
9920 3669 
3954 6558 
4652 5660 
6632 462 
2272 2498 
1635 4800 
6147 1598 

6056 9379 
4639 9912 
5465 8570 
7968 5928 
8423 1513 
7953 7247 
4007 1689 
6687 5018 
9429 2960 

8687 3383 
9518 3339 
9043 6150 
153 7668 
5001 8140 
8820 1148 
9738 1228 
527 730 
1141 2345 

5652 9109 
8273 4075 
6975 2578 
1322 982 
4268 4362 
2352 49 
3674 1039 
9785 3192 
731 5180 

5694 7236 
9200 695 
5377 4373 
8196 1467 
5601 8723 
8549 6742 
1068 4201 
2204 5694 
8277 9179 

4624 5951 
6513 5244 
313 8865 
1646 339 
6256 1431 
3531 3339 
2963 9226 
576 2164 
6273 2305 

2889 4469 
3772 8490 
9545 2322 
1585 6965 
2875 3789 
9011 1152 
2968 3636 
7104 9481 
5232 3769 

4698 6878 
4109 7306 
4661 3992 
646 7625 
9570 1222 
6141 5844 
9879 9030 
6665 3 
3872 6210 

8677 5457 
3176 1553 
9246 2187 
2705 8566 
2175 6161 
8047 7408 
6283 9097 
638 6744 
6404 5300 

736 7050 
9277 6659 
4624 1770 
2503 855 
800 9168 
858 1024 
5379 9536 
6482 4907 
1089 5728 

3446 146 
4295 5622 
2660 8694 
9382 8943 
4144 20 
2039 548 
1672 2775 
3950 7301 
9434 8574 

9071 8289 
9429 6223 
3810 6639 
7248 5541 
6175 3730 
448 3616 
5810 246 
3763 6457 
2220 6423 

5152 1602 
1718 9296 
7975 3757 
6196 5999 
2884 146 
3301 8671 
5072 2372 
6960 853 
4948 7122 

7492 2196 
2663 20 
2278 3111 
3636 8088 
9710 7399 
4546 1930 
174 6050 
9885 8244 
1698 4212 

2001 4246 
211 1238 
4392 9864 
9909 5816 
8589 3221 
6669 3537 
344 513 
2085 3007 
533 4363 

2471 522 
2451 8533 
7921 3349 
463 4448 
5751 6700 
2692 3801 
912 1046 
8047 7476 
2284 8791 

3692 8545 
4607 2281 
8118 7628 
2170 4814 
8142 4255 
4174 5027 
8618 2997 
5549 7422 
1530 9823 

7123 1993 
623 2875 
5046 3315 
3028 5958 
713 1076 
9786 9349 
9867 3479 
4246 827 
2112 2365 

8455 4283 
7179 6597 
4890 1353 
7977 3509 
4350 3526 
7283 2232 
9701 4406 
578 324 
3633 5624 

9992 6662 
7934 705 
7738 7721 
6407 3957 
7552 653 
4784 6016 
9370 3240 
6651 6550 
6189 1542 

4255 4166 
1403 4958 
4045 5038 
7190 3746 
9444 4120 
423 3078 
9744 415 
6092 7679 
7472 182 

1752 3879 
4139 5656 
4533 8924 
8024 3903 
8516 4676 
6805 4705 
2570 7413 
5224 325 
8723 5621 

5363 2265 
5719 1159 
6386 6142 
589 6130 
2909 6681 
161 382 
6863 8265 
4261 1003 
273 5146 

6279 8298 
5402 1147 
9326 2207 
2204 8248 
5972 3780 
8573 4695 
9401 3936 
6961 1473 
1447 9699 

3967 2037 
5829 6877 
8718 2343 
7259 1934 
608 1520 
9289 7234 
3019 5568 
5532 8421 
3067 1210 

6980 5271 
9458 2953 
9052 8031 
4000 8453 
8319 961 
6278 9766 
660 246 
1803 2842 
7123 6874 

1537 4382 
8808 2145 
2254 8097 
5731 5273 
17 7615 
3694 3084 
8825 7027 
8355 8283 
9980 3759 

2666 3980 
8565 985 
1294 4843 
7104 8306 
5089 5259 
1148 2212 
2133 2685 
2946 7293 
1183 1553 

1742 6914 
6826 1759 
882 6873 
1195 9707 
3900 5903 
7991 232 
9662 7009 
564 8227 
7995 1858 

9423 1451 
165 4512 
6710 7665 
3077 5196 
351 2375 
2489 7886 
3928 584 
1152 7107 
8695 2034 

332 9891 
8094 584 
2146 6085 
816 8160 
3094 1380 
6388 7441 
3239 2163 
8892 9756 
6675 1955 

7421 6104 
7151 4124 
8480 5992 
8362 2408 
6576 5867 
9515 5272 
7901 9847 
1515 5995 
431 3661 

8432 7599 
1821 7879 
8980 4561 
1672 8571 
6724 6917 
4679 9752 
8872 2100 
5856 6023 
2577 4336 

8367 939 
3097 4944 
6806 8964 
6568 1060 
5164 8083 
3407 1947 
8096 8192 
9547 6269 
6071 4879 

7183 7743 
9802 3907 
1012 4481 
11 9884 
2933 5868 
2259 5510 
6556 627 
2802 6005 
1923 5960 

4970 4843 
7020 134 
9278 6780 
2081 7374 
4972 7980 
3643 1043 
2859 7178 
5138 2661 
1086 2503 

3494 7449 
2387 6428 
9669 4647 
1938 6226 
1626 4740 
8583 9901 
701 3553 
4744 4073 
39 4022 

853 8473 
1396 5825 
6453 1391 
3220 5665 
8570 4711 
4678 6008 
7214 8173 
9809 5953 
4601 9479 

6952 2891 
2057 8578 
3984 640 
8479 4685 
546 9575 
5110 585 
3597 2316 
9058 1345 
8141 1864 

2737 7714 
7529 7659 
8777 2207 
19 2343 
380 6180 
8296 4981 
5659 5249 
4225 7716 
179 8209 

4709 5011 
9246 5255 
4586 4356 
5840 8184 
6672 1251 
9529 1166 
3115 8618 
5232 644 
2629 4009 

9203 9000 
6352 9584 
5181 1000 
917 840 
2601 5142 
4909 2781 
3351 9618 
7792 2597 
1225 2378 

3306 7065 
562 9978 
4668 6444 
7496 4135 
5062 2728 
4779 4044 
3089 3983 
3044 5793 
9919 8225 

6794 836 
5418 9395 
2331 327 
8528 5682 
6297 6320 
4632 7522 
5051 7938 
939 1965 
7916 1960 

8409 1765 
6095 9824 
4493 7227 
3868 7583 
1210 3264 
3376 7481 
7842 6522 
8317 3260 
5918 648 

9939 798 
2683 2588 
7119 7315 
110 8522 
5253 7401 
487 9521 
9361 8897 
1286 1809 
5073 5780 

9036 5293 
9715 6598 
8557 3091 
4079 6399 
9614 8748 
6011 1884 
5749 5950 
2682 8432 
4890 6153 

5747 1352 
4675 7352 
8754 5163 
6873 4467 
412 8160 
2628 1837 
292 1664 
7130 7 
8262 5687 

9450 8693 
8439 5416 
7442 4450 
3652 3191 
6753 6335 
7975 7995 
8840 3722 
9348 3516 
7426 4454 

5031 4299 
5273 5443 
8811 7902 
7280 5455 
9566 762 
1814 4181 
2801 7617 
2874 1240 
3033 316 

2043 6686 
9859 5148 
9373 7834 
3143 8213 
7908 2491 
8081 5334 
6945 3112 
5986 2219 
4907 1149 

6473 8539 
2957 6039 
5653 4771 
220 8455 
2388 3095 
9695 1774 
9763 8090 
4812 9623 
3238 537 

7457 6382 
8750 5366 
5225 3184 
7052 8523 
2648 3038 
742 3908 
540 7215 
8799 3497 
9606 4453 

8268 6179 
2908 7009 
5626 8955 
5135 5389 
7046 9947 
1364 284 
484 5174 
3018 5586 
6892 8244 

5122 3944 
6767 7771 
3335 3861 
8031 3875 
7428 6830 
7372 3386 
7635 1992 
9565 543 
5353 5191 

5851 488 
6933 2897 
6787 4649 
9533 7271 
9823 2552 
9210 3067 
7148 4332 
7012 267 
8455 6699 

480 6486 
6926 4260 
3317 650 
7646 952 
2642 3564 
7848 4348 
5107 3699 
1188 2040 
2948 7976 

3042 2481 
1599 2865 
1385 809 
2285 4885 
1494 9297 
5152 9949 
2348 1984 
2788 9274 
6244 2457 

9924 3891 
3409 8918 
7455 7609 
3266 2562 
7660 4455 
955 608 
2431 3997 
9442 382 
3214 7179 

1192 5499 
2065 9038 
1148 3569 
5339 3496 
5554 8127 
9122 8150 
584 9046 
2041 346 
7965 5848 

7955 1231 
4763 1968 
2038 5718 
2576 4469 
6067 8370 
4852 5633 
5550 2396 
7485 3967 
7786 8633 

3888 3125 
8482 9442 
1253 7604 
3945 1837 
3003 5986 
2183 968 
8187 6491 
2199 2950 
8459 4238 

5020 7387 
5059 1087 
2110 6263 
3072 7660 
5011 557 
7979 2797 
5543 1867 
5923 377 
7662 7176 

4333 1607 
5365 7336 
3945 3901 
8304 2132 
392 6856 
1434 5203 
7446 6454 
8942 8857 
3893 1052 

5121 6966 
5064 6484 
3875 3043 
9282 5770 
4911 5205 
6147 2573 
8733 481 
532 4098 
4169 4477 

7999 8826 
2962 4743 
5682 4396 
6298 9480 
7203 5241 
8337 1096 
6293 9810 
4414 1358 
6295 4642 

753 5577 
412 5664 
7134 6560 
4589 5867 
3393 1473 
6317 3914 
5951 669 
2740 5265 
1764 4774 

6013 8063 
4254 3216 
3304 8944 
665 5949 
5106 5079 
3659 1401 
9721 4413 
3330 134 
6429 6816 

3046 1019 
9035 2791 
2492 1705 
6705 4795 
2374 9446 
6412 4138 
572 2426 
8553 4827 
5642 8209 

123 6307 
4159 5229 
7739 7818 
2983 3812 
8583 6313 
298 5013 
9482 3344 
6032 8517 
2487 4876 

222 5545 
6024 8948 
1343 2436 
9439 1915 
1214 7992 
3094 6857 
6202 3217 
9516 361 
4799 7255 

4531 7782 
7420 3115 
447 7718 
8128 9929 
7415 512 
4799 9902 
1740 5021 
5447 7764 
322 3142 

6553 9761 
5058 7767 
7753 8152 
976 3955 
7722 493 
668 2521 
4100 1552 
303 1520 
4667 750 

5591 9147 
7032 3006 
9659 1831 
9260 7751 
3204 1060 
5516 3526 
4202 8421 
3287 5612 
6188 1041 

3765 3517 
1348 1487 
4010 2017 
4008 4462 
3569 663 
2335 4588 
1413 7926 
3735 8445 
7284 9746 

6628 2896 
3849 9833 
308 9365 
3359 4511 
4138 2999 
123 6679 
392 240 
196 1740 
8079 558 

109 2087 
5020 30 
2750 3707 
970 516 
1633 1057 
5313 5269 
803 1942 
8166 4653 
8127 8474 

370 7838 
9337 861 
837 5813 
7540 7581 
2405 4088 
9322 485 
4646 5783 
8924 6018 
5814 8027 

9726 6784 
8543 1359 
7842 208 
2981 4997 
8502 7499 
6002 6629 
5973 2725 
820 1663 
3586 8009 

7476 7478 
5591 9881 
1566 4913 
6718 6212 
696 5643 
8582 2862 
3670 8308 
9647 8565 
6020 3841 

8773 9001 
8838 3628 
6500 4841 
257 8825 
3918 7429 
488 7504 
5439 4316 
1334 1030 
4198 2900 

2295 916 
5464 9343 
2911 4046 
2206 6581 
2355 8205 
1498 8375 
2046 6624 
3728 7236 
252 6580 

8429 6861 
5405 2347 
4291 5894 
6203 6082 
210 7537 
7112 760 
437 5759 
8029 2253 
5102 7292 

6300 3660 
226 5007 
1865 1724 
9734 3911 
8348 9814 
1148 8600 
6394 9577 
1814 1799 
8277 6105 

4045 4480 
8539 4256 
2018 2003 
1368 8807 
7762 5749 
1061 9216 
3042 3713 
2877 3268 
5072 1094 

1344 1158 
1358 9693 
972 8858 
4645 7366 
4787 6459 
9165 3064 
8916 3211 
7545 7455 
3819 5915 

9458 1539 
1074 3572 
7289 8487 
2789 6683 
2200 2018 
6303 3624 
3112 7647 
4782 4470 
7340 5754 

9680 8338 
3120 4468 
1149 2286 
7532 66 
1849 1429 
3873 5668 
3696 3332 
7207 4771 
3256 848 

3258 6045 
3883 1811 
8063 186 
5435 7528 
7834 6570 
8350 1526 
2324 8031 
6216 1797 
2499 7366 

435 6383 
7432 2284 
7813 7657 
4304 1509 
989 7863 
2632 4246 
5064 5891 
6643 8947 
7702 1059 

9134 9489 
8587 3320 
6059 3289 
4846 8384 
1320 1063 
6533 171 
8429 6968 
6555 2213 
5604 720 

9870 9908 
8581 7212 
7771 1214 
7810 2835 
7105 805 
8135 1159 
1864 7269 
648 6803 
589 6708 

93 1787 
1444 7765 
9202 7977 
7937 3983 
1297 844 
2548 6901 
1564 2419 
6809 6497 
5983 932 

7711 145 
120 1168 
950 8255 
2327 2815 
1876 9328 
5970 2465 
6036 6063 
604 3832 
181 6159 

8161 4470 
142 9458 
5314 2691 
2711 3230 
1462 5872 
9727 3797 
6804 7439 
3942 6924 
4959 4892 

1531 7287 
4059 3407 
2967 30 
2224 5355 
2445 9181 
9187 2626 
5340 3700 
7096 1834 
9510 8762 

877 2221 
1992 8691 
8093 8072 
2488 1249 
1863 6430 
4526 6822 
7675 6057 
461 1734 
5817 3428 

8116 8041 
8783 562 
3574 4322 
9540 8914 
8022 6637 
7101 7532 
1751 7978 
6105 3744 
6670 550 

1816 5510 
1800 3679 
8293 6326 
6853 5968 
8735 7315 
4054 4552 
743 2171 
8946 5879 
2733 2520 

201 2273 
7787 8224 
5262 4888 
2108 7014 
2866 8214 
7110 5888 
8764 5278 
1399 6916 
5309 9692 

3242 2162 
5660 1978 
5829 6066 
2882 2925 
8237 1828 
8804 7322 
701 9005 
9596 8488 
3581 1210 

9728 5690 
8224 8946 
256 1686 
4835 5372 
6964 6234 
2289 8625 
2278 1883 
7140 4290 
213 2969 

356 3096 
5894 8594 
1276 4698 
2268 8329 
56 1864 
6817 3637 
3075 2897 
9327 7651 
1844 5935 

5690 6679 
1308 9006 
9265 9949 
7632 7895 
1832 4772 
2185 2046 
4093 8893 
1494 9988 
3839 9122 

1038 6108 
7452 1094 
7972 621 
1084 7399 
3519 6763 
1403 5363 
2699 3445 
8394 359 
2451 4011 

308 6435 
1906 2140 
7559 4091 
538 1653 
9336 8384 
7993 3176 
7507 5383 
9284 4959 
2830 3608 

5580 3914 
1008 9099 
677 8763 
814 9728 
2208 9208 
87 1011 
9571 395 
7447 1477 
8888 1358 

1920 5778 
9363 1257 
4163 7356 
4433 1670 
2740 3717 
2981 5570 
7325 8561 
5836 4685 
4013 6513 

9800 4827 
6242 8360 
388 6329 
9372 9959 
3077 3171 
7789 1965 
881 9709 
4095 245 
7318 8258 

7601 1751 
6280 6693 
1820 9261 
8615 5498 
7823 4451 
6535 8188 
965 6336 
9367 3559 
1048 6107 

6240 420 
6067 9317 
9943 208 
7634 825 
9917 1730 
7422 7236 
6340 5023 
5339 2621 
8069 3512 

1882 6684 
9010 6057 
7488 1897 
597 4805 
4585 9965 
8364 5634 
6072 956 
2406 8491 
274 8702 

8699 4260 
9527 8617 
2342 6949 
2205 5035 
8324 3896 
7656 2745 
7408 5890 
5782 2770 
8300 3270 

4668 8897 
8075 9253 
8862 2791 
1239 1287 
3747 3646 
9778 373 
2348 8478 
986 8227 
3447 9680 

1528 2004 
4715 6204 
5900 8723 
8950 9661 
4614 4732 
2431 9266 
8002 3451 
8163 2429 
9057 3378 

5220 296 
4665 5319 
294 4443 
2045 8994 
9273 3031 
7221 9072 
2711 5101 
1076 7427 
1306 3329 

6150 256 
2990 7116 
1340 1773 
6382 9342 
5225 898 
8123 4282 
628 3343 
930 5293 
5014 1225 

6088 7059 
219 1714 
6442 3793 
786 9154 
8894 1863 
2933 200 
1544 5435 
6808 4534 
8904 8148 

6307 1638 
3842 7884 
2536 1965 
2166 3164 
1660 9449 
4809 6675 
674 898 
86 7245 
8964 6529 

7390 9750 
2035 2637 
7965 1320 
2837 9509 
6755 5998 
395 2011 
498 6703 
3650 4341 
4587 6186 

2658 3106 
5703 4319 
2555 512 
7346 9581 
7762 3784 
3178 6726 
313 569 
2829 8700 
3206 794 

20 2395 
6656 3128 
4745 7051 
5139 5244 
106 8789 
5937 1046 
1328 8595 
4152 3383 
2914 3059 

3895 6612 
8992 8010 
397 2170 
1088 7062 
9091 269 
5763 8649 
1064 5783 
7397 4072 
5263 8494 

1123 403 
90 7582 
5544 6027 
8628 3224 
4623 2780 
6607 3889 
2191 6855 
6854 1183 
1217 7251 

9705 2305 
4313 5149 
2575 76 
150 9991 
2212 7547 
415 3827 
2394 7890 
4230 2484 
5472 6127 

8512 4100 
5703 9487 
3232 2311 
9728 5423 
5518 6582 
2958 6735 
3833 2664 
5392 4499 
7813 4319 

4575 7963 
662 3139 
1863 7429 
6967 609 
5320 7549 
3093 792 
28 7957 
1245 5732 
7444 4477 

4395 7173 
6253 6265 
3755 9211 
3000 3941 
8227 4744 
8440 2392 
5416 9367 
6708 2430 
8859 8571 

9860 2178 
9180 5180 
9727 8625 
2324 6108 
6583 3569 
1840 379 
4399 2587 
7552 7004 
8852 7660 

6215 8204 
7953 4443 
2948 6393 
6835 4716 
2112 3543 
7147 971 
8466 7007 
3149 3998 
8539 9229 

2624 863 
5337 5559 
785 3529 
5938 1536 
6116 9843 
8540 1320 
3855 4755 
9524 1808 
5550 8824 

4553 8738 
3541 6665 
8633 7040 
3989 3452 
399 3490 
7450 8938 
2719 6426 
6153 4408 
8337 3290 

4289 4276 
4826 6757 
4119 9718 
8077 4326 
4474 7601 
6134 6376 
6426 687 
1466 6319 
3704 100 

9711 7693 
9904 110 
7536 3706 
5400 255 
133 7905 
1016 8470 
1196 5305 
9098 2374 
2063 9569 

2093 6492 
3895 2919 
4094 29 
5647 6872 
7068 7114 
9543 7125 
3566 9254 
1170 3470 
5716 8706 

7176 1116 
5314 3661 
9021 2682 
8484 6569 
7987 7582 
8944 6402 
3504 7389 
2895 7399 
308 3341 

3781 5955 
6565 7201 
9421 6108 
4326 2987 
1714 1849 
2809 7430 
555 9986 
4898 5869 
9999 271 

8551 8483 
6841 2891 
2418 2137 
5645 5922 
9526 4892 
9673 6186 
4585 3454 
8493 1150 
7008 7915 

7258 1334 
902 8972 
3183 64 
2754 91 
50 7652 
2312 49 
7924 7216 
4885 1117 
107 7303 

9606 2104 
9577 5484 
3349 9250 
1670 7934 
2705 163 
9085 9713 
4430 6343 
7399 1685 
1668 6935 

1749 4422 
7026 8151 
8427 5690 
4552 6351 
2906 9437 
3820 9365 
3092 3426 
1470 2669 
8910 4819 

1920 6932 
2753 977 
3447 8190 
7042 7878 
4534 793 
5915 2554 
7728 7664 
3328 1106 
5815 1755 

6797 6719 
4458 9703 
6157 8278 
5421 5601 
8056 6891 
8271 3318 
8062 6543 
6602 7167 
3872 50 

5358 914 
4280 6244 
1707 6547 
5150 5788 
4211 8478 
3246 6378 
234 6395 
9449 1044 
2451 1958 

5675 7872 
7560 3731 
4763 2183 
3402 9177 
8726 4 
6344 2598 
6406 8054 
9864 7038 
4298 7923 

3585 9448 
3711 4148 
7927 3310 
6878 4513 
9705 2680 
5557 2156 
4638 1232 
6380 2198 
1316 7495 

4381 1070 
6672 9459 
1074 9369 
8409 3833 
7423 8273 
7223 8074 
6197 7161 
7522 6260 
7661 1801 

5922 892 
2666 5628 
3572 4576 
4136 8210 
5808 6869 
6761 3476 
4364 1142 
4546 1037 
6954 1973 

406 5363 
5806 4181 
9989 9381 
2255 2538 
6542 9778 
5150 4204 
7931 1073 
1448 598 
3053 5020 

5174 3541 
3230 7334 
410 9991 
7163 4775 
7486 1709 
5812 792 
34 2570 
6155 2192 
6751 2496 

1574 5359 
5034 8116 
1489 6537 
8672 9420 
7610 6472 
6370 663 
1492 7896 
556 1075 
1583 967 

7418 8746 
5742 1256 
6807 7906 
2048 6842 
6828 4556 
9034 3579 
7052 6960 
5290 8439 
1429 6779 

4976 6453 
6200 8938 
2926 8922 
5953 4418 
6819 6509 
5493 4754 
7476 9264 
3500 3218 
520 6659 

7476 2569 
9853 4304 
7125 8888 
4236 529 
2200 9526 
8968 3629 
6306 296 
83 8858 
9234 3009 

7780 5187 
7427 951 
8049 9273 
5705 5525 
8537 5557 
5096 9057 
2217 2572 
7978 2070 
6877 5103 

7310 7465 
1985 9511 
6991 953 
3140 3297 
7602 9575 
8507 6836 
2584 6288 
8376 6364 
7239 6425 

5637 9297 
8302 526 
4854 3398 
5935 7071 
2323 3914 
5494 5552 
5369 9156 
3017 7354 
8667 8 

4660 8160 
9658 2262 
7735 8165 
5450 6672 
805 3826 
3036 4397 
6603 8673 
3694 4906 
5551 8548 

4656 1486 
1972 6979 
1752 3818 
2531 7122 
2974 1900 
4476 7994 
1909 9136 
2506 7919 
7750 6593 

2436 3201 
3265 3242 
3379 6301 
7639 9983 
1326 7685 
1241 6877 
6233 5897 
8364 4557 
9229 116 

8375 8112 
3590 7702 
13 4419 
2048 8274 
9907 4554 
6193 7658 
7499 8629 
859 765 
8223 4238 

7066 5862 
573 4745 
9899 1814 
1622 6133 
4064 6338 
7042 9645 
2807 1770 
4109 6397 
5824 4122 

816 7872 
2396 724 
8778 4941 
4734 6277 
9923 5593 
3394 8146 
6183 6813 
361 6757 
1558 260 

4923 3180 
2745 5339 
5871 6140 
1336 8678 
7910 5446 
1427 3734 
9568 8596 
7958 8317 
5672 6736 

9610 406 
9365 9533 
2351 2760 
7680 4886 
9573 4393 
7995 7483 
4653 2919 
663 3751 
4610 2886 

9891 5947 
7916 4153 
1393 5696 
7887 7313 
4292 2197 
5630 6316 
8933 5241 
3074 4650 
1126 5425 

3762 5158 
6663 3335 
9551 4659 
818 557 
3930 7834 
660 8540 
7072 551 
839 4989 
4704 2232 

685 8943 
5898 1329 
1140 1528 
7645 6425 
3121 719 
1075 600 
2496 4838 
5758 5511 
4525 5310 

170 1696 
2219 452 
5882 2879 
8993 2954 
3430 6184 
4295 4486 
4769 4980 
9781 667 
2661 921 

8547 306 
3698 8021 
7377 4773 
8621 6225 
5963 4379 
1737 489 
6041 8259 
8537 8260 
8712 4419 

1139 4057 
3725 921 
241 8021 
1759 5010 
9353 1540 
2029 2015 
8813 577 
8673 2511 
8598 6051 

7285 7219 
8628 9600 
7950 6717 
6441 3992 
1329 4978 
8604 41 
5749 9744 
450 9475 
7017 7043 

7496 8777 
8406 3201 
6669 435 
5216 5483 
7364 3890 
7994 5962 
6293 1631 
9533 4921 
1232 3836 

7991 4025 
7828 9320 
9004 6432 
5713 4753 
2528 2515 
580 5898 
9558 4428 
4675 7964 
7630 1344 

4752 2846 
3179 2116 
3088 1174 
4431 9381 
9157 316 
655 389 
4152 8646 
4415 8332 
4318 9771 

1117 6383 
876 3645 
8898 1457 
5895 8456 
2237 570 
2773 9867 
8267 7525 
2714 7798 
5993 2154 

8972 424 
1536 8130 
741 2191 
4871 4893 
7189 5638 
3226 7859 
1761 695 
4242 2638 
692 9492 

447 6588 
4300 2684 
3510 7073 
8904 1777 
950 7970 
9576 6944 
124 4900 
3720 1660 
9382 4461 

203 606 
5707 3744 
2596 5285 
1603 4358 
5980 2197 
3348 6672 
8041 147 
3260 2342 
9183 6771 

9415 8087 
4900 6718 
6057 828 
3662 2534 
2081 7382 
4194 1463 
8196 750 
2069 255 
4494 4666 

5540 2450 
5376 7872 
999 8724 
4544 9041 
5223 4157 
1383 4406 
7280 7150 
2494 2180 
3868 4903 

9361 3882 
7437 1442 
7617 7984 
2905 2165 
8734 1327 
2420 9580 
2345 7960 
8382 4073 
2184 9382 

9149 6728 
4775 4372 
7237 6158 
8778 4517 
9660 1272 
3050 9881 
2528 2411 
3763 9965 
3853 7732 

4301 3110 
9897 3035 
789 2317 
8968 9486 
6629 7350 
3559 8813 
6732 2708 
1894 1507 
7080 9131 

4017 2211 
1 30 
9835 3051 
9911 2363 
5462 26 
8681 5667 
7759 2982 
5129 4008 
2370 5919 

2678 7690 
1757 5659 
5040 1669 
825 8125 
4377 2719 
5984 7810 
8202 6354 
21 4555 
6384 9856 

7606 6295 
8572 9420 
2673 3605 
1439 6784 
2939 6569 
793 5309 
8840 9823 
9351 597 
5482 4392 

2266 6307 
8869 2996 
5378 4853 
7158 9933 
1207 3531 
4488 3943 
9739 2095 
6590 8311 
7867 9264 

1916 9307 
2400 4856 
2228 3193 
6517 1068 
9368 5869 
8017 4851 
6613 6636 
7510 5482 
5984 2889 

6687 3142 
9174 4247 
3025 3662 
8190 2764 
5757 1133 
1076 9977 
6749 9344 
9284 9149 
552 1512 

8695 7070 
8932 8063 
9291 6949 
9266 2256 
9937 6777 
7738 2273 
6018 777 
5415 5192 
5024 8440 

8854 9567 
7557 964 
7052 8633 
941 3801 
4329 6577 
2950 4882 
8089 1645 
8304 3373 
6061 3947 

6674 5327 
6203 6612 
8456 293 
8885 826 
1070 653 
2370 2447 
5445 7577 
2014 3002 
8541 9066 

7987 5834 
9219 8669 
8763 2169 
3551 3204 
167 8207 
6577 2580 
2154 3251 
4259 4709 
6215 2716 

5002 1453 
9894 2424 
8458 2265 
4871 255 
9842 3237 
9610 4735 
8655 7597 
6921 7874 
6266 5684 

6396 6169 
8888 6563 
4376 5465 
5495 2882 
5068 9754 
7591 7636 
8822 2593 
9089 8717 
5018 7547 

982 6241 
4154 7176 
9479 3764 
8263 8134 
7714 1536 
6009 3980 
7220 8757 
6502 2460 
5320 7230 

4277 7167 
113 9345 
6921 4056 
6981 5744 
3002 2422 
4461 4372 
6321 1795 
613 476 
5323 92 

4240 9938 
4579 1954 
1474 6940 
2287 5046 
5697 5141 
7506 7369 
2371 1783 
4536 8836 
7480 1457 

2893 4462 
3553 5895 
3236 4366 
6619 9558 
2513 7232 
34 4188 
3677 626 
4126 4608 
8933 5600 

1548 7572 
646 3597 
2713 4504 
966 1436 
6287 5502 
273 3768 
3311 9518 
4582 3217 
5413 7818 

7583 2032 
3728 6449 
5616 114 
637 5645 
7093 4764 
253 6026 
6716 1801 
9950 3715 
5398 2663 

8219 2716 
451 859 
4570 724 
979 4234 
242 5561 
7451 2007 
9731 1386 
391 9812 
7835 6008 

9926 4825 
1653 7019 
5941 1907 
9397 2657 
60 9347 
2724 1811 
8362 7296 
4527 8814 
8155 9098 

9538 9134 
3332 6133 
1047 7135 
8140 7130 
8521 4884 
6942 2709 
892 6869 
7534 8897 
240 9827 

7156 9638 
8836 3569 
5337 1561 
5380 3700 
8857 6259 
2514 3364 
1709 8404 
8850 5041 
889 9897 

8528 5382 
3379 3402 
266 322 
6111 7510 
3543 9997 
2759 3783 
6176 9916 
3421 5012 
9837 8759 

6573 1569 
8811 1782 
7828 7677 
1498 9538 
2433 348 
931 3323 
6597 5812 
8705 9977 
9214 5323 

299 1677 
2833 194 
8026 5592 
3977 4202 
1860 3751 
9214 1697 
2510 2140 
3266 7673 
3922 7447 

5350 1773 
3337 7783 
8473 620 
1106 5071 
6432 6163 
1400 5646 
1486 8051 
7323 4319 
8245 5349 

6264 2222 
9551 8124 
5973 5118 
6174 4835 
7258 5792 
2508 7532 
3239 7858 
9305 6576 
5642 7779 

7197 3100 
9202 3629 
9264 602 
5628 7102 
8653 9303 
1422 6898 
4653 4038 
5472 556 
2162 1446 

5674 8336 
2633 9284 
4129 5142 
6817 3720 
9352 2474 
6649 1346 
6605 3846 
4447 5807 
3827 63 

2761 5807 
3517 1414 
5111 4939 
4664 6116 
5329 137 
6672 7492 
7935 8699 
2180 568 
4335 2661 

2062 7504 
2734 1415 
9979 9383 
2761 6584 
9581 3560 
8744 9760 
9975 1505 
5568 3493 
9272 679 

4784 3936 
6795 114 
425 9819 
3958 8360 
4870 2490 
5281 9206 
5152 7343 
6710 4238 
5110 3041 

3621 4224 
5978 3202 
4136 4722 
2962 4112 
6227 8530 
3957 1851 
5561 8741 
5788 8708 
5207 6213 

8528 5517 
926 3398 
8008 6207 
8956 9512 
9902 2019 
3750 5013 
5060 3723 
9237 1038 
6925 3373 

5760 6239 
3837 8340 
1122 7794 
191 6683 
2888 2331 
5392 4447 
4897 272 
9965 5823 
22 4325 

8382 8979 
3837 8284 
998 3939 
9649 2410 
7662 5238 
3449 939 
4964 9209 
7178 8801 
3901 4652 

2948 445 
7688 2188 
2776 9432 
6635 7673 
9704 2952 
9848 9726 
7277 8230 
5057 7466 
2867 2407 

1405 8868 
4818 5419 
4107 8267 
6358 9071 
3828 3537 
7872 4082 
8189 7172 
4527 2229 
9360 3655 

1661 2348 
7681 1365 
5300 3881 
7444 8930 
8464 8853 
6396 1331 
1261 4154 
199 2431 
9573 4306 

698 5932 
9729 878 
5821 7602 
4960 362 
1126 5839 
2592 487 
9495 4253 
2835 3528 
1971 4487 

7409 9415 
3417 5873 
8268 6166 
3556 5881 
320 3756 
8312 6245 
4414 5362 
8529 4144 
6241 4350 

8098 7553 
1065 9224 
9745 9 
6063 5592 
4262 5250 
9120 6233 
9738 6529 
2000 9507 
8755 6621 

2025 2311 
2502 8697 
6067 7167 
4943 6834 
2529 3472 
7330 5122 
4175 1780 
9028 1592 
7356 8773 

1601 3420 
4365 5863 
5022 9837 
8449 1112 
6366 6801 
620 5121 
3422 8997 
7433 2277 
7695 9852 

9444 2638 
3038 8325 
2462 6720 
3448 2989 
8500 8828 
4581 5857 
7601 2534 
5629 8318 
4750 651 

8155 3199 
8116 873 
6352 5088 
2347 6127 
4085 6132 
8404 1780 
2336 4200 
770 5375 
2525 9585 

2095 2325 
2574 6948 
1153 3508 
2805 5106 
6042 4786 
9776 792 
1789 7931 
343 9905 
5157 3048 

4993 7504 
9175 5431 
3636 7579 
7211 5972 
8131 4334 
7699 656 
3919 6147 
9334 6493 
3095 6839 

6353 2252 
8298 8748 
7038 8074 
9540 5179 
2358 6236 
1437 7515 
9284 2782 
5019 8459 
8213 5007 

2390 5425 
7331 521 
9759 1383 
7529 3678 
7530 3215 
6523 625 
55 9229 
9229 4705 
7977 2619 

2779 3869 
7798 5137 
105 9235 
2652 9389 
2018 4023 
4200 6583 
9030 2942 
2008 2714 
9815 8119 

4097 7345 
8149 1627 
6912 1025 
8604 3319 
254 4185 
8024 4583 
6804 804 
8452 954 
2293 8558 

6542 4946 
4299 4912 
5321 4852 
1495 704 
7794 9856 
3418 7610 
7975 7515 
1307 2477 
5494 8219 

9854 4098 
7891 108 
8283 5915 
1043 1439 
3071 9495 
2393 5365 
8053 8935 
6663 8705 
3847 8336 

3557 5343 
9040 7703 
5199 2458 
1665 9526 
6325 2972 
8355 1819 
7544 8209 
2269 1787 
4669 6904 

7702 5712 
8343 774 
5208 7089 
2491 9613 
6024 5506 
8318 6224 
3842 8227 
7919 2883 
2283 9470 

1693 3948 
8996 8019 
3273 7352 
6190 817 
5561 8460 
8956 6583 
5364 6658 
2295 60 
3784 7503 

7149 2627 
7117 9525 
8133 1787 
2101 1976 
6367 20 
4859 8650 
9490 2904 
8950 4839 
923 2223 

2191 7114 
9392 4104 
5574 8348 
687 7290 
5007 9335 
3702 5143 
6838 851 
7771 307 
6729 5904 

8447 8830 
4232 1166 
8851 5443 
6168 4693 
8348 5118 
9532 9271 
7342 1723 
2737 6734 
2180 8311 

1435 9219 
1954 2794 
8554 5656 
7937 1745 
2860 2060 
8404 9589 
7965 3203 
4771 2197 
4369 3622 

3993 537 
8316 2341 
5656 4200 
1612 9350 
5924 4350 
6084 4456 
9013 3871 
27 7319 
6665 4934 

2976 4603 
6679 2188 
6663 1435 
8129 980 
4639 2900 
9530 9008 
2875 3523 
5898 7543 
5864 7906 

1743 3828 
7256 4019 
4530 9692 
4827 3544 
3564 4855 
863 229 
6141 191 
1184 2820 
8731 4200 

607 6860 
1532 5246 
6113 1062 
607 5340 
937 2857 
9235 3153 
763 978 
6982 8019 
1350 7864 

7711 6177 
1408 1275 
7384 8624 
7857 3525 
5167 9041 
2697 251 
9593 9657 
7111 1126 
4903 9576 

8540 1862 
4916 9478 
4719 4151 
2631 1834 
1482 5965 
9853 9184 
3830 7565 
1713 1590 
5192 9098 

6566 9401 
8975 8086 
4795 8025 
8337 4388 
7682 1800 
1866 8937 
1377 407 
7152 2645 
9885 8223 

3149 8868 
58 983 
1186 9911 
167 1368 
3828 1880 
9310 5373 
7330 5877 
4774 2658 
3963 5921 

683 8652 
310 4717 
452 2176 
3654 8181 
8935 806 
7179 5172 
5382 6680 
393 5440 
7663 1579 

1703 4182 
9299 5532 
2414 8609 
7257 9745 
838 8383 
2403 1153 
4305 9438 
9805 967 
4155 258 

9495 7809 
8439 8431 
4968 1970 
3603 350 
8650 348 
2142 6313 
1927 3845 
6847 7578 
5729 9262 

6188 2986 
9007 7026 
7722 7762 
8180 2027 
7200 4337 
9346 1355 
4595 8841 
5516 9387 
3624 6836 

1357 3580 
7186 8 
3928 9328 
2673 2208 
9526 9521 
9786 5255 
8783 2326 
4594 7790 
5705 2316 

1904 237 
695 9104 
4574 41 
6811 9170 
5234 8679 
4909 5211 
5516 6266 
5143 9054 
2626 9071 

4735 5300 
7631 4261 
4821 3770 
9516 3604 
6096 4110 
7746 8153 
2778 6002 
8390 3473 
1458 2965 

3514 8269 
8487 5101 
3300 3396 
312 8816 
6014 1807 
4223 8641 
878 8958 
3941 4862 
3219 5114 

8632 9087 
5070 1080 
3198 9168 
9234 5976 
5170 7624 
5802 6628 
6941 5668 
1249 5428 
769 4549 

5176 7433 
9718 1191 
9240 3941 
6184 6471 
2899 6477 
1333 6118 
1591 6317 
1557 3013 
3749 1107 

2181 2983 
7084 7351 
6960 9238 
3979 253 
4906 1580 
2034 5676 
6129 7210 
9461 5847 
4753 8702 

9788 7289 
1525 9039 
3766 9210 
1509 1709 
5527 3067 
4722 5628 
4174 6903 
8612 7610 
4254 1924 

6848 4585 
2177 1755 
6165 4211 
3783 8647 
7774 3244 
4494 2527 
1946 635 
9817 9823 
9674 9935 

9033 7536 
1645 912 
603 6367 
6541 4777 
9623 1505 
8740 229 
3429 5588 
4815 1958 
3695 7332 

6170 7478 
5979 296 
723 6826 
9175 9021 
3813 5344 
8845 3487 
5280 4230 
7375 3277 
5143 7978 

5996 8036 
9108 5619 
9541 7848 
5849 9322 
9788 7016 
1280 3484 
4348 3802 
7314 6680 
450 8037 

9858 9626 
3411 3671 
4970 8608 
3510 250 
2838 886 
3527 4333 
8864 9524 
2369 4324 
1495 8262 

2172 7344 
3936 8313 
712 1569 
8149 1413 
1723 5463 
8093 2174 
3501 7951 
1800 3264 
1622 6770 

1872 1484 
3373 1062 
2370 3252 
5396 1235 
9128 4117 
1911 624 
8732 4084 
4320 2668 
8749 5033 

589 6898 
6446 2313 
2361 891 
4487 2214 
5194 6287 
5478 3168 
9409 7350 
4652 9134 
4765 7023 

2387 161 
4610 1515 
630 6521 
8491 9362 
6957 2812 
8383 2058 
4197 8972 
8956 6995 
1285 1318 

7886 2124 
9884 9432 
4763 5363 
2600 4173 
9065 3604 
9659 3830 
627 2046 
343 1589 
9914 974 

4463 8405 
6688 7772 
7569 5071 
9831 1766 
396 8787 
8761 8033 
6457 2999 
158 6342 
2431 4921 

8057 1383 
5446 7122 
4988 5106 
7305 1967 
3504 7648 
3557 3418 
4974 4372 
8176 1663 
2144 5745 

3086 1975 
3864 3482 
7115 8977 
7868 9924 
1977 8026 
6266 760 
9299 4323 
2144 4746 
7798 7132 

6204 5103 
9099 9708 
2751 9008 
3127 7726 
9732 7655 
5741 1877 
9752 8827 
204 3616 
8662 3671 

2594 6530 
3596 923 
4556 9862 
1683 207 
538 3827 
4953 8336 
7311 1157 
3439 6411 
7218 2542 

1771 6697 
268 1504 
4352 6009 
9733 4104 
1189 6289 
4073 9851 
9961 6667 
6381 9909 
7590 7289 

9771 5625 
7496 6661 
9453 8802 
4997 3116 
6311 4788 
9527 3529 
7331 7651 
226 3951 
5507 930 

6313 5240 
5035 7502 
7881 9108 
3705 7842 
2127 6438 
7751 6069 
79 3875 
1694 7575 
6888 7499 

2729 8238 
616 5393 
3026 6495 
8922 6709 
498 5501 
7013 6005 
2783 3326 
7597 7818 
7180 5479 

3278 885 
9673 1757 
7323 3777 
7826 7402 
4004 5873 
1329 7244 
9724 411 
5482 6692 
5804 4861 

3188 4726 
1570 38 
6579 8583 
6044 9363 
8261 9993 
3533 5441 
1824 3164 
6326 7850 
4921 3649 

7979 2748 
7403 8335 
4973 8733 
5579 4697 
5496 1062 
1390 1300 
5923 930 
2378 3845 
968 8958 

2429 3364 
4673 690 
3358 4558 
6132 1534 
7722 8810 
9384 2644 
8812 3715 
1744 6215 
2050 6717 

1300 7630 
1414 6796 
8692 2804 
8096 967 
3734 475 
4812 1055 
5785 3593 
4419 6810 
4284 4129 

1368 6768 
2016 9091 
1930 7752 
1735 742 
1468 3479 
3310 3518 
6548 4610 
1148 7962 
7759 6192 

7119 2207 
3511 7205 
9034 8324 
8260 1171 
1917 9032 
7981 2553 
9513 9350 
5673 1529 
8441 7604 

9282 6528 
8346 750 
6359 1656 
620 2907 
2619 8121 
7221 6730 
4313 4340 
8937 7825 
1546 4324 

2501 6158 
5495 4418 
5190 3477 
3324 1056 
2827 8997 
2585 7620 
2953 1867 
500 7652 
8969 3211 

9308 9590 
6118 8279 
7711 9691 
1361 8376 
4032 299 
6201 1930 
4623 8702 
4440 6470 
9473 5983 

9947 9149 
7039 9126 
8146 9624 
3098 1100 
7844 9950 
8752 6813 
3161 4412 
6403 5631 
9044 466 

5323 405 
8843 5707 
7056 1396 
7637 8031 
6451 2077 
4502 2276 
4412 801 
1425 1451 
9928 5923 

1076 9378 
3375 5272 
9329 8479 
2085 2490 
9244 4841 
4474 8288 
5307 9797 
5045 502 
5504 8454 

1899 9493 
2837 4702 
7922 3691 
6978 2335 
4493 8403 
138 773 
4326 1214 
151 7702 
6486 5832 

6181 4924 
4675 5425 
9765 9149 
65 1424 
5298 1463 
8279 802 
6269 178 
6647 9106 
4880 4569 

2798 8210 
3256 3643 
6613 3395 
768 7291 
961 919 
1345 3800 
3104 3879 
8724 7779 
9304 4841 

6928 5722 
2617 2226 
3537 896 
9380 9806 
7426 6027 
8912 8658 
6948 8062 
6868 6557 
8057 9833 

6304 8825 
7125 7265 
6097 4822 
7417 9201 
8701 2493 
6980 8006 
7334 260 
80 6304 
2486 3617 

3552 8218 
9775 979 
597 8687 
5989 3897 
3102 2858 
454 1159 
9043 6758 
6337 6168 
376 2434 

991 7793 
1635 9692 
287 4967 
4050 3973 
5227 482 
277 4065 
451 3830 
2283 226 
1161 9232 

5266 7150 
3129 4720 
6360 9936 
5879 5404 
6694 2216 
7924 3422 
1002 5267 
1216 2637 
1312 7855 

7604 5362 
1828 2831 
2197 8458 
3248 2648 
8640 1883 
9227 9801 
1115 4493 
6951 4245 
9213 9664 

4181 1444 
5068 7227 
13 2992 
7002 1015 
8260 8218 
3653 9572 
6073 7609 
1286 4253 
6793 3483 

2711 41 
2484 1351 
1925 1711 
7504 3040 
2556 4456 
3637 1769 
4120 4170 
9565 5540 
7750 9578 

8532 4752 
6946 3144 
9322 6951 
2716 1747 
4560 355 
6000 1353 
3838 5064 
7747 2674 
2767 9672 

737 272 
9064 3293 
4728 9054 
1414 5200 
3224 7332 
7092 7326 
3262 5624 
2078 208 
8769 7752 

7159 7837 
9499 8072 
8192 1852 
5777 8383 
6916 3524 
1057 9683 
9548 1795 
9955 4965 
1440 1035 

4019 2855 
2587 3595 
187 9679 
922 9801 
1656 9352 
10 425 
7105 3521 
4614 6604 
7945 2807 

4808 3723 
1190 1724 
3599 8599 
7760 9500 
6746 4067 
4465 8187 
5103 4836 
7394 4042 
8431 3933 

74 5705 
3734 1730 
5058 3744 
8507 8515 
3618 3121 
1471 1563 
2280 6280 
5286 3470 
4356 5238 

2070 2116 
4738 8816 
2536 5555 
3355 7639 
391 749 
8033 5174 
4682 8107 
7232 4769 
9837 8642 

4865 4696 
7157 8483 
7818 8628 
47 98 
1260 1685 
9921 5617 
3275 8343 
4085 8013 
7159 6621 

9920 6867 
612 6663 
7616 4998 
1838 8651 
3105 9070 
3420 9295 
7712 4637 
3991 1221 
3121 8161 

6201 9520 
4612 7462 
7557 4533 
9431 833 
2876 9868 
5198 6387 
2842 5119 
3254 3454 
1782 7223 

8452 9972 
2226 7910 
5394 5646 
7205 9458 
283 1196 
679 9756 
5710 6881 
5628 322 
695 3186 

4855 6478 
371 4083 
6346 1921 
470 9188 
3392 77 
8995 1527 
7300 3799 
1499 9526 
8061 3246 

1524 5266 
2704 8159 
2815 9736 
4268 8525 
2969 9896 
8847 3664 
9434 54 
6494 9805 
4137 9192 

8079 959 
4733 1471 
1036 80 
2998 4688 
3879 850 
566 8293 
4096 2090 
3559 3152 
6602 2726 

2888 870 
7603 5857 
7118 2802 
5873 6553 
2856 8719 
2710 3345 
7912 789 
4305 2645 
2261 1693 

2725 1611 
6382 2956 
2461 6948 
1249 2909 
5391 1161 
6062 8345 
3887 5302 
5567 1491 
7512 2685 

4293 9737 
9238 3502 
8457 8301 
6847 6369 
9090 1152 
9014 7703 
2846 8091 
5667 5580 
1047 4480 

8880 2297 
7390 4271 
3458 9804 
2616 3697 
1458 4535 
5188 8970 
7221 5834 
8708 2811 
9336 7165 

1112 2535 
3534 6555 
40 8900 
610 9238 
6991 6277 
4818 4390 
758 3698 
6687 4500 
4322 6497 

4304 3290 
195 2114 
7826 1735 
1085 5047 
3921 9793 
4210 9609 
3310 5323 
2145 3196 
8230 2185 

2096 5192 
7775 5439 
1470 2593 
9829 8580 
6291 2869 
3080 613 
5718 3736 
3904 5913 
5850 8082 

4001 3287 
3129 4274 
3080 7339 
3884 2742 
9014 2381 
5938 3596 
918 8034 
8789 8693 
9825 6611 

1286 9655 
5191 3929 
8876 4623 
895 4594 
4711 1151 
6860 6913 
9233 861 
201 2362 
5135 9633 

6053 5371 
2376 1420 
7752 8314 
5016 8670 
6349 157 
3715 2526 
6768 5001 
8533 8311 
5283 7409 

2934 6178 
2004 3997 
7329 8864 
911 6562 
6077 1112 
5276 7564 
745 1329 
2936 9473 
9101 7040 

7788 4118 
2063 489 
4275 5778 
3015 7396 
7132 1549 
5707 2415 
8958 4994 
8593 7314 
8991 5922 

2530 6254 
8836 8607 
3718 4112 
2524 816 
1793 1812 
289 895 
8852 8077 
1365 915 
8566 5640 

6694 1582 
9388 3826 
9483 5096 
6241 4793 
6442 1186 
2108 1785 
7108 990 
8040 5944 
5950 8110 

6408 8474 
8926 8201 
286 9216 
9096 9138 
7293 461 
6406 2212 
2454 3100 
146 8194 
3278 9629 

9642 5871 
774 6084 
7057 2882 
4222 517 
225 8614 
2813 6175 
6724 9221 
4649 5651 
3774 4935 

1219 9223 
425 4864 
6036 6831 
7076 4842 
6283 7222 
3037 9561 
3203 2679 
5432 3978 
5116 8841 

3212 9338 
9358 3437 
4304 2171 
9612 1028 
7744 613 
3031 1519 
1900 602 
742 2326 
5467 6778 

9157 2543 
1621 1793 
6118 4658 
1354 5673 
3689 3139 
6003 8805 
1980 9216 
4495 7691 
9005 8799 

9862 4970 
6180 7607 
5583 9211 
9126 7484 
9814 6220 
9810 5281 
2998 5319 
4176 971 
3464 6646 

1981 1171 
8672 5671 
4310 4675 
828 2642 
243 5324 
333 9249 
475 6548 
4219 6655 
507 6154 

5867 9633 
3638 2033 
2205 9800 
3666 5203 
1472 4194 
2527 4936 
841 4508 
6107 5865 
6531 6769 

540 7360 
5764 784 
9036 2449 
6385 9511 
8997 6956 
6167 9504 
3110 2034 
5489 3101 
419 7694 

9253 4085 
9250 7077 
8279 1777 
8366 5472 
2637 825 
1337 9169 
7595 8230 
2881 9711 
5366 1917 

2160 1751 
1428 7510 
5059 7595 
7014 8169 
5981 8856 
7622 2752 
2902 3228 
3189 2152 
305 1469 

281 8671 
3293 9271 
5849 983 
8440 9796 
5565 7673 
9507 931 
9590 8019 
2682 7370 
5529 4093 

1318 8896 
2262 7299 
7752 6237 
6404 654 
9465 9593 
9159 6122 
7414 9440 
1146 7060 
8711 6995 

8043 3503 
6791 9960 
1176 6298 
891 7118 
4317 9925 
4489 6199 
4018 5807 
5095 2632 
9458 2847 

5221 5862 
9853 4686 
5456 9012 
7161 9222 
8453 8307 
6282 3516 
1654 677 
3372 8445 
637 4548 

1095 1528 
1667 1764 
7805 2508 
7963 1823 
8315 3058 
808 7773 
2257 6029 
9988 2111 
7068 1796 

1123 4229 
1018 5928 
8888 7301 
9445 542 
7978 9169 
5339 4968 
3717 6434 
6496 1736 
8198 654 

596 2514 
8829 8911 
1924 9637 
3037 4182 
5667 9377 
2645 2735 
1173 3768 
3316 8543 
6049 2204 

5844 1846 
9098 175 
1015 4437 
5143 1084 
871 7991 
9173 5421 
4997 9769 
4287 3827 
8681 6212 

3464 8070 
6746 5483 
7447 9391 
4570 4972 
9511 7886 
3515 1912 
6442 5712 
3758 5540 
5887 1125 

9977 7382 
2210 7200 
1725 1383 
8974 6723 
1152 3261 
550 6185 
5825 366 
4255 2571 
5850 1702 

8314 420 
3026 4178 
8307 6542 
6090 1101 
2254 6201 
6642 4493 
7326 2971 
8227 9536 
6524 6304 

919 5498 
3027 8424 
5111 9929 
4609 937 
296 8865 
9860 6146 
6919 4527 
2918 9946 
8705 7577 

2840 1147 
8679 5094 
7348 1673 
5939 4675 
4644 518 
563 1168 
6822 1483 
3018 9850 
6259 8130 

6131 868 
5419 6427 
9733 1631 
8925 3005 
6158 8196 
2951 1215 
5773 2143 
8715 804 
3589 6063 

2477 9528 
7090 3474 
46 7654 
994 6868 
5489 4013 
3070 1748 
8495 9202 
8968 3914 
1981 8702 

5545 907 
8059 8056 
9103 7362 
5623 1228 
9505 4338 
2033 3094 
6754 4510 
2622 196 
7984 9020 

4202 8979 
2240 6043 
9344 5311 
4143 7839 
865 3112 
8105 2846 
8166 2 
3753 6225 
8058 9208 

3587 34 
437 9444 
4372 8822 
2538 7478 
3332 1512 
7675 7669 
532 1877 
3000 9124 
7921 2344 

4435 2064 
6535 1652 
1528 4640 
4499 9694 
4642 4604 
5919 9053 
3813 5858 
9087 602 
5302 9811 

9424 4192 
7290 9108 
5704 1317 
6777 2588 
3194 6129 
1713 7467 
4825 2500 
5884 1360 
4153 7412 

2352 8652 
3459 6995 
3256 5730 
2400 3421 
1589 7839 
4023 3243 
7650 9799 
7436 1292 
8908 9492 

2609 2037 
2081 2156 
4519 3794 
9623 9344 
2646 1859 
7057 6799 
9272 9409 
1803 9083 
2756 5060 

4813 5156 
4833 6402 
2995 5209 
5998 6998 
5008 3434 
8290 268 
9278 7252 
8658 1359 
9408 3177 

1505 5383 
8873 4152 
7243 5930 
7303 2867 
5340 9107 
1950 4448 
519 6763 
9605 5352 
9518 8952 

561 5516 
2302 1922 
5302 6945 
2190 4580 
4197 7200 
2292 3605 
6729 3797 
8988 5603 
4301 2583 

7885 1605 
5450 9577 
7064 7400 
4026 7583 
516 9983 
2935 34 
5287 9849 
1902 7590 
1771 3556 

4535 313 
8136 5084 
7514 6780 
8689 595 
578 4029 
6198 1231 
6613 436 
2836 2063 
13 9900 

5816 4039 
3835 2684 
374 3123 
2718 5662 
2972 972 
9604 1095 
4528 491 
1408 9016 
5575 5274 

5797 4264 
5870 2727 
4645 8420 
3958 1258 
8856 3147 
9674 5222 
9399 5490 
9261 3235 
4526 9636 

2710 7244 
1650 5682 
4568 1254 
6777 9096 
1745 4537 
4464 7320 
6164 6613 
7936 8386 
9340 8933 

6806 9651 
192 2015 
9150 9866 
7237 8549 
1708 2850 
8136 6234 
8838 846 
9830 488 
2880 750 

8094 6009 
9846 9839 
547 662 
3511 3063 
7276 7799 
1449 6616 
6733 8255 
2619 3277 
6622 1769 

3143 3859 
6671 1203 
3062 4807 
3789 1900 
2006 9971 
8741 4886 
721 6835 
896 6919 
6675 7795 

7581 6538 
858 4857 
690 2307 
7826 7423 
6914 445 
700 9889 
8567 195 
3748 5238 
7750 3162 

6397 1539 
5063 8403 
7862 3804 
9642 8583 
6991 6890 
5502 18 
4685 9435 
6557 1895 
4293 7247 

554 8471 
1022 3820 
5268 1722 
3709 3835 
8269 3810 
5425 6019 
6972 1823 
3910 8387 
6578 1772 

8543 2572 
6707 5535 
9462 8561 
5553 499 
7996 2110 
8746 8641 
5709 9300 
7112 6731 
3121 2381 

4805 6830 
2568 9426 
640 7994 
5445 3965 
6169 5707 
2352 9099 
7479 896 
1672 538 
6431 7486 

9099 1984 
4338 7096 
447 3084 
2089 2508 
8737 9202 
5592 8210 
7935 397 
1392 503 
9824 8385 

4849 1621 
2350 1018 
7329 4702 
6470 1160 
1950 8142 
1699 8381 
1980 7150 
6718 2670 
598 7165 

2107 2688 
6025 7196 
1890 1617 
5406 9825 
8367 3150 
6680 4543 
1535 1530 
6164 3885 
8900 9845 

4940 5370 
7358 6890 
9864 9057 
1624 1845 
2559 8342 
867 3158 
1859 2974 
5846 7884 
170 4088 

9502 1928 
3913 4221 
5079 6945 
8764 6614 
8475 1280 
6852 7376 
1126 1792 
2746 8484 
5034 2611 

3893 6658 
808 6452 
5000 1675 
9610 6859 
1002 1808 
1096 1172 
5896 6950 
3101 6161 
1171 8180 

3107 9935 
4794 1582 
7567 1646 
5310 8693 
9790 4409 
3529 4825 
7020 3774 
7835 4180 
227 2836 

2207 6189 
6047 3209 
4350 7143 
4382 246 
445 3835 
6408 1616 
2015 9515 
7903 3161 
7449 5471 

1160 9112 
516 7302 
3521 398 
8479 6893 
4172 6315 
1073 751 
9151 9632 
3293 1550 
2842 7643 

5046 3576 
7889 5491 
7411 649 
7108 5778 
6516 1363 
5291 318 
3186 2803 
9430 3703 
106 2951 

4101 8585 
9844 8273 
1252 7269 
5377 403 
6901 8670 
8306 6095 
6313 3352 
9671 554 
8843 3434 

7556 2303 
5564 4072 
3667 7208 
742 6853 
11 172 
6908 6469 
9475 1009 
1407 9319 
5635 2659 

2940 7364 
9415 6194 
6034 7721 
2289 8699 
7425 8313 
5605 6268 
8099 3161 
4924 16 
3586 4943 

7224 4328 
8148 3587 
853 5057 
6409 328 
2418 7816 
6000 4405 
6827 8940 
1769 2594 
1486 4155 

6667 3776 
2854 4092 
8441 8460 
6713 6540 
7973 1637 
2908 1559 
6580 132 
2240 1080 
72 3093 

