4137 1359 
8804 4572 
4702 4709 
4051 2163 
5715 4849 
5531 3565 
4648 8880 
7556 9648 
1351 2393 

1259 9337 
8608 4865 
3232 80 
653 7485 
1989 7720 
7940 7597 
3068 8430 
8957 1872 
3002 3659 

2934 7053 
2174 8649 
8254 7705 
2214 2902 
2938 6122 
2550 641 
4867 161 
6330 9827 
5027 9562 

6259 2032 
7048 8249 
9752 1340 
2198 9172 
9770 1155 
7396 9124 
1166 330 
2529 3340 
5331 783 

7398 7545 
3685 6688 
19 2587 
7329 1238 
2749 3659 
1066 4128 
9574 7325 
6160 2974 
1926 2264 

4314 4125 
7788 4085 
1632 5184 
3209 2799 
5515 5739 
2491 846 
2874 9889 
4744 6560 
2929 1115 

9147 258 
2354 8248 
270 9772 
8728 6196 
7097 1240 
9170 5376 
3504 3484 
9501 7644 
3921 1133 

2829 3483 
284 8344 
5574 2776 
5542 8448 
9017 6638 
5008 1947 
7754 508 
8557 6460 
5108 5179 

6232 3837 
1375 9681 
5077 545 
5057 4934 
382 910 
2578 4303 
8396 5407 
4138 8680 
103 9712 

7808 5646 
8161 3178 
2284 3169 
1477 6390 
29 34 
2850 5138 
1566 9082 
8975 9293 
5116 404 

6191 173 
5338 6573 
1084 4269 
7228 9480 
9676 1367 
4512 6132 
1079 2321 
1778 9240 
5499 414 

8762 6976 
6805 8791 
3362 6007 
281 1280 
1442 9256 
574 6558 
9661 6765 
6731 1351 
9690 4167 

5620 3270 
9999 1649 
989 864 
7781 2069 
3185 5911 
7661 5036 
6325 2775 
8364 9482 
7919 8078 

5490 8200 
9359 6932 
3809 9933 
3490 9822 
3050 6573 
7525 9092 
7093 3146 
8714 7092 
4795 9704 

4308 8928 
8125 3845 
4839 2138 
8881 1164 
1266 3597 
647 9185 
1676 2489 
3737 1035 
9421 7546 

7320 2911 
3720 6722 
5836 1246 
2166 2929 
744 880 
6374 1891 
584 682 
819 5061 
4528 5658 

7200 9761 
3174 8466 
3359 173 
4003 5035 
2662 7740 
2422 2083 
1639 6094 
1346 1711 
2816 7183 

2957 4982 
6464 53 
2214 9190 
1944 9151 
6225 2763 
4212 7105 
4773 7764 
6866 7948 
6230 6577 

8121 6585 
7964 7136 
678 6738 
9219 8669 
2832 6918 
380 5648 
453 9690 
6982 6917 
9743 9197 

6108 1688 
8348 8685 
803 8912 
5790 5577 
6677 9008 
9877 2907 
5586 4350 
5845 9902 
1486 6523 

6641 706 
5192 9473 
3976 5572 
1474 4429 
1614 8456 
1346 1358 
4005 3806 
9398 2353 
2491 201 

7618 4633 
2130 4295 
3642 2007 
7202 9228 
6358 9399 
5482 4196 
5922 2123 
1254 1114 
1597 5230 

3039 9423 
9659 1005 
7879 7358 
2363 8237 
1164 8113 
590 8 
4667 8208 
4641 6797 
8855 8283 

5157 2410 
3863 7867 
1809 9346 
2063 7732 
1469 3318 
5198 9418 
8548 4589 
8841 8208 
5595 3073 

1918 4310 
1310 3082 
2424 8252 
9442 7091 
2813 4084 
240 1668 
8719 5397 
4078 8935 
3264 5888 

8281 5328 
9972 6102 
4998 1522 
1873 3546 
6112 714 
8106 1707 
139 24 
6017 7801 
9459 4793 

6054 5253 
1884 5219 
5689 2125 
6887 4409 
3874 7318 
3344 7139 
9558 7977 
8819 5882 
4079 3817 

7404 5952 
3715 3516 
3019 8174 
1575 3158 
4550 7593 
960 361 
8738 3366 
5615 623 
8585 1304 

9100 1824 
2065 2974 
9142 5409 
6465 5052 
3386 5284 
934 3818 
5453 8339 
9770 5521 
8207 9141 

3695 9783 
2300 4597 
3728 9612 
4959 2466 
2978 6926 
9441 7915 
8230 8541 
9739 296 
7868 5234 

2057 685 
6638 1796 
2322 7573 
5614 7775 
2264 1736 
3296 471 
878 3343 
254 9530 
4293 3982 

5494 5604 
2801 4824 
2530 2242 
2739 7112 
7136 8830 
3760 1356 
416 5818 
2041 7055 
3966 4363 

980 5932 
2139 9596 
7668 1787 
67 4898 
1483 6674 
780 2128 
7008 6274 
7732 9809 
1098 6614 

2052 189 
3726 5540 
9020 7487 
6896 5788 
9657 8937 
9195 9975 
3301 175 
5907 1792 
9771 9927 

9931 6191 
1178 7766 
2865 1958 
9894 9873 
8233 7626 
9683 5683 
4240 8087 
2225 4319 
3627 1245 

8158 6875 
3385 7815 
5812 2581 
4142 5465 
2756 49 
3609 8880 
6328 3541 
5071 7506 
1307 4288 

9465 7554 
4161 4050 
5180 196 
6085 5773 
4635 8310 
92 4614 
5907 8250 
1489 9293 
2417 3654 

1874 2911 
9119 982 
2960 2729 
6214 9288 
2622 7637 
3147 281 
1925 2612 
7835 2439 
3014 3016 

2635 9099 
5141 3623 
3762 1585 
8237 9669 
9835 6079 
5314 8604 
9733 3540 
1515 5204 
4523 827 

4285 7089 
6467 6907 
4727 9614 
7189 6652 
8578 1376 
9091 7944 
744 8079 
7044 5885 
1702 7158 

7470 6291 
6827 3657 
2370 8494 
8613 8455 
2034 128 
3660 6557 
7307 4297 
9999 3775 
1205 4726 

9741 4746 
1378 8320 
2474 6822 
6264 3219 
4901 9660 
5456 2955 
3170 2927 
5598 6350 
2936 4321 

4844 1550 
2776 6878 
8030 2788 
9788 5338 
7086 9787 
5465 4643 
4513 5206 
5741 2243 
9878 8215 

9065 2495 
7786 318 
8507 3243 
9625 1678 
6170 5224 
8028 5458 
9545 2872 
7008 8673 
9750 1391 

1462 5890 
3081 4900 
5677 8546 
5895 6542 
104 1636 
8786 9983 
6203 4203 
8830 3990 
4522 7337 

7233 4147 
5367 9755 
5723 3395 
5213 5268 
2619 8574 
294 8722 
6317 8108 
4612 9398 
3008 6642 

4296 8903 
3184 4400 
6891 1970 
735 3094 
6174 9565 
3436 7048 
6903 669 
7547 8622 
6776 3271 

2018 8342 
4891 989 
3268 5185 
9711 9585 
3293 4324 
5335 2653 
7318 9631 
1556 502 
4031 4799 

8825 4767 
4246 1351 
684 7682 
8399 7587 
4704 2298 
2562 1480 
5569 4580 
9822 6813 
5569 9442 

1998 1633 
9027 1644 
2309 4362 
4297 9627 
345 2206 
129 4377 
7005 8954 
5496 1251 
6657 6180 

5286 5056 
120 9990 
7355 2682 
1470 9276 
3614 7645 
6089 5535 
7087 4440 
7168 2467 
6084 9477 

3181 6733 
9104 3527 
8939 5586 
4256 2297 
892 9752 
3548 7550 
5932 5186 
8958 6052 
5176 2665 

5086 2999 
1942 8700 
6996 4383 
4236 4083 
5175 1404 
2902 1259 
7234 6084 
7993 6338 
5963 3284 

8276 219 
5581 9169 
9971 9130 
6719 2255 
668 5677 
4660 5845 
8343 9746 
8844 6637 
4799 2192 

7372 9035 
2627 2548 
6791 5530 
3807 4025 
7966 8152 
6716 3929 
1437 1344 
4148 7018 
513 471 

2500 3584 
2726 3169 
9262 7386 
5366 3957 
3485 562 
6946 8284 
2754 4318 
3671 5381 
6866 462 

7263 7026 
840 5229 
1530 3908 
9158 9319 
5252 9658 
6338 2118 
129 5190 
5702 9208 
4711 1316 

2946 77 
1625 6431 
639 8571 
4715 3393 
9242 8386 
5127 2460 
5201 2390 
5838 6041 
7620 7369 

6301 3130 
3040 7905 
9141 5730 
23 5622 
921 5726 
4830 5632 
7042 7777 
2062 5020 
560 2701 

3591 5276 
2447 2833 
14 3926 
1646 5215 
6316 7484 
7608 3936 
1205 3909 
3419 4246 
8167 2560 

9976 8190 
4534 7249 
268 9365 
9234 7311 
3494 1296 
8683 4054 
349 2274 
5682 9148 
1460 5697 

3074 3106 
7264 9391 
590 4873 
9679 1796 
5134 3098 
2394 3301 
2010 2370 
7844 6545 
9620 8112 

2262 8854 
1775 2108 
6502 458 
2514 6851 
2733 8197 
6000 545 
246 9074 
3651 3862 
4817 593 

5087 4497 
8741 222 
3947 1135 
9875 5958 
9858 4071 
8855 5830 
2184 7469 
1036 3959 
5929 7538 

770 8443 
741 9855 
2992 6741 
400 3238 
2168 403 
3453 6985 
996 8540 
7834 6090 
5114 1782 

3577 4990 
4092 9787 
9061 9299 
5617 7597 
6768 6653 
1557 2697 
543 8679 
7492 1285 
8534 485 

4378 8934 
75 2898 
9337 3528 
9884 6685 
2069 4070 
2775 7183 
5852 2705 
8525 6296 
2492 3939 

5595 8110 
1536 8715 
1115 9445 
7764 1659 
8124 1609 
9296 6658 
2094 3674 
1944 8521 
6573 1281 

8402 2809 
4319 6823 
3231 3446 
4006 5436 
6151 8884 
1732 8644 
9175 3680 
3106 711 
8747 573 

6509 2864 
8584 985 
4473 4232 
7644 6567 
7907 9588 
1440 832 
7222 9842 
9993 1541 
6665 9576 

4987 7024 
5012 7491 
2260 6745 
2487 1435 
6777 5593 
8498 5524 
2518 5007 
8388 7455 
5993 2861 

1687 9989 
5780 5946 
5929 7221 
3130 3151 
3415 9475 
4692 81 
9052 6032 
3457 4064 
3523 5717 

7161 6010 
7152 3938 
7955 5650 
9463 6825 
7010 7851 
4280 3003 
7065 5968 
2992 2845 
1914 8921 

6418 5045 
8425 9834 
872 9469 
6267 9924 
5501 9724 
3989 5376 
5441 7502 
7738 2593 
1441 5693 

4595 904 
2519 1605 
5107 6799 
4608 2172 
9119 3952 
1370 7386 
9226 4140 
8783 4003 
3974 9655 

3472 241 
9580 5326 
9965 9921 
7054 1758 
7423 4793 
703 8864 
486 5299 
6120 9357 
6904 7580 

2509 7865 
6104 7980 
8169 7474 
5366 3747 
1615 4149 
7750 1941 
3805 7575 
8535 9737 
9253 4852 

9658 6307 
6611 3433 
7452 7314 
2298 4291 
8965 4770 
3648 5870 
2350 2509 
87 4807 
490 4608 

2281 5856 
8356 248 
6 2458 
8542 163 
6385 7077 
9900 5638 
8281 9558 
8298 1244 
9343 5750 

8559 1641 
41 3876 
2764 42 
9746 1466 
8903 6185 
6273 9393 
794 4907 
1602 5502 
1507 1608 

7960 49 
8123 698 
3478 8023 
2688 8112 
3933 7338 
9356 3276 
3089 4267 
1270 9482 
8144 4034 

5876 4242 
1852 4780 
428 8126 
525 7574 
3033 2127 
3076 4540 
87 7388 
942 8210 
8086 772 

2585 7127 
8884 2870 
4465 8241 
6147 3906 
8860 3769 
3389 7004 
4155 5617 
1247 6007 
6749 8027 

4133 7275 
5601 3518 
5754 5029 
4411 5842 
2417 1705 
404 6856 
2477 9342 
3983 7714 
2212 8448 

2307 8359 
2355 1167 
8480 2096 
4524 2635 
4065 5771 
8643 815 
150 9128 
4442 5751 
8999 6548 

780 3410 
8742 9549 
1467 9147 
2757 296 
8489 6740 
8010 7053 
1541 6669 
1765 248 
4189 245 

8696 8713 
2881 2761 
836 7876 
9928 986 
3356 722 
6737 2355 
7271 3869 
2117 6013 
9770 3584 

1512 2528 
3881 6353 
9268 8243 
3407 7161 
4913 5172 
3761 5454 
1769 2457 
4167 1002 
1571 5003 

5230 7851 
5989 8587 
8574 9078 
7294 2197 
9299 9412 
4562 9069 
9348 6075 
7949 3229 
8780 3570 

7825 2187 
731 9090 
3711 4493 
4544 1833 
3302 8711 
2835 4873 
66 8066 
2725 2407 
3005 7651 

7837 299 
9848 7136 
6063 762 
2557 5412 
6837 507 
4993 5618 
4077 2818 
4157 1160 
8260 4221 

2005 2804 
2406 5308 
7867 1593 
6533 4285 
9659 9258 
6692 9016 
3261 4529 
9316 9461 
8017 5379 

224 6927 
7143 3413 
7434 2137 
9031 7863 
1307 9541 
9023 9568 
114 1029 
8724 8872 
2689 2944 

465 9222 
7229 125 
4833 274 
5493 8094 
1155 4809 
3908 5525 
6541 4132 
2452 36 
7545 6238 

2173 2929 
4101 9833 
8822 9476 
5753 5288 
6857 829 
4160 9546 
3773 4625 
8769 7355 
1102 3602 

3981 6596 
8048 5136 
7757 1956 
7013 650 
2440 9465 
687 9986 
5703 9212 
2915 6156 
9045 8089 

5633 1150 
3377 2490 
1980 7537 
8389 2105 
8514 7158 
9460 9617 
7112 9793 
6213 1512 
4930 3970 

9821 8295 
973 2261 
7761 1660 
2247 9816 
872 1514 
5973 6270 
9603 7958 
7420 9332 
448 5752 

3221 5189 
7858 1736 
8699 7318 
1353 5811 
7112 3918 
3676 8394 
4240 3497 
6689 5213 
5758 802 

6873 8006 
619 4098 
5872 6592 
6720 1828 
4550 492 
1160 1350 
6245 4382 
2892 4103 
2470 1591 

1421 3823 
3755 4885 
7741 7431 
9631 8333 
928 2673 
3547 6686 
3475 6772 
1044 446 
870 3269 

7038 3942 
5097 7940 
4435 2609 
5643 680 
3343 8535 
4783 5813 
126 2556 
9636 3881 
3794 3729 

7664 3425 
2063 8592 
2450 1962 
1631 5926 
8734 9027 
6372 5957 
2296 9763 
9899 7393 
4055 4334 

6355 6050 
5014 9698 
4585 6149 
5512 1064 
8706 1500 
1297 2500 
5230 8962 
2277 3645 
3906 4728 

5607 1889 
7006 693 
917 9730 
6650 3213 
5845 6550 
6959 9901 
884 3314 
5951 2251 
3012 6889 

8400 4876 
4305 7106 
6377 1954 
5958 7959 
916 4588 
7956 1175 
9316 3563 
3064 2674 
608 3981 

2404 7259 
3547 4602 
3809 6858 
4503 1045 
6524 6806 
3296 5888 
47 8049 
765 4352 
1507 7142 

6307 7466 
1453 3575 
2054 9409 
1102 7722 
9324 4167 
6748 9932 
4500 5504 
7191 4399 
106 7352 

7609 4609 
8398 4133 
7768 8046 
22 7815 
6095 7139 
8520 7603 
4281 1179 
1421 5734 
1106 9827 

1495 2209 
7549 819 
2728 4297 
751 3580 
9801 7943 
7980 9908 
1647 1941 
869 45 
6075 4989 

8092 2449 
9157 539 
9588 7677 
4494 221 
5208 5915 
2307 6314 
5742 3802 
4875 9643 
4621 7603 

292 5372 
1184 94 
9667 5516 
6354 1315 
7457 3575 
7712 9884 
4917 2156 
2333 4074 
2696 8273 

8103 7190 
8494 3311 
9458 801 
9625 1552 
4603 4501 
1196 5576 
8456 1488 
7301 5992 
7934 3320 

1508 640 
4635 5318 
568 8700 
5202 5485 
856 3888 
9559 9904 
2161 7662 
3447 7008 
973 9257 

7809 6950 
809 8765 
7803 2005 
4341 6260 
3494 7994 
2252 7780 
1315 113 
8421 2302 
5431 8989 

1002 6985 
4474 8211 
7225 385 
4467 5739 
8047 7914 
2747 5372 
7171 6908 
8674 7981 
2025 6478 

6338 2719 
9090 6184 
713 7694 
3965 2028 
7807 2386 
4331 9590 
1375 1685 
2928 2201 
6248 6505 

2586 716 
2244 6985 
8630 1343 
8709 2154 
8252 7383 
6487 277 
213 2825 
2996 5655 
9010 62 

3350 9327 
2090 7509 
1713 2773 
3452 9440 
811 6380 
7993 7059 
2885 579 
7775 1482 
3916 2758 

2825 2625 
4912 7429 
6360 7751 
7707 2926 
576 7055 
8581 5938 
7117 8283 
5265 5560 
5793 3330 

8333 9245 
2770 9144 
1977 763 
6204 1214 
7694 3979 
2696 7962 
3089 1874 
6939 8001 
9303 3300 

5752 3362 
2578 2681 
418 7511 
4971 3887 
5795 237 
9447 7940 
9919 4133 
7185 2690 
3277 5514 

9805 5833 
6728 3852 
6165 5777 
1814 9254 
7651 8754 
3608 6954 
8406 5712 
317 984 
8393 7087 

8495 3365 
974 642 
9954 6774 
8582 9873 
907 2119 
8915 536 
7633 5073 
2722 714 
8925 5239 

6491 739 
845 494 
5845 4453 
3800 4251 
166 469 
1587 4911 
7556 6435 
4628 4883 
7077 934 

8009 2012 
7160 8916 
4131 6075 
5804 8117 
7500 8526 
8831 6425 
117 1674 
3517 963 
2168 9362 

5416 5968 
3614 1934 
6438 1553 
3198 346 
7988 7826 
1581 5066 
8761 9590 
3430 2273 
4858 7561 

8348 663 
5678 5849 
5541 861 
8626 2011 
2535 2143 
2974 1055 
1506 4742 
7024 1472 
6677 9814 

3025 9875 
160 7366 
4053 8094 
2432 9166 
7684 2214 
1439 2543 
9775 6140 
9558 1806 
1989 1451 

9019 6967 
3462 1555 
9111 6436 
2610 6969 
1179 5986 
4793 4208 
5800 4170 
435 2313 
1536 4488 

407 320 
3655 4443 
2534 5094 
3338 8662 
1234 9248 
468 9575 
700 9487 
6543 514 
7394 2006 

3303 6357 
5327 834 
2343 120 
5042 4496 
4290 5477 
6809 2179 
6317 3568 
2499 6324 
4363 5034 

7771 7702 
3696 5357 
6950 516 
4933 4002 
6355 7828 
4517 3750 
6186 7820 
107 1513 
8654 2450 

7985 48 
6946 2275 
1877 107 
4454 8194 
27 3306 
871 4391 
4692 8642 
8445 8388 
3999 5395 

5256 5284 
5750 1611 
3112 6619 
5361 5650 
791 1820 
7163 5797 
623 5148 
5845 3921 
3776 4074 

381 4582 
8620 408 
7888 9491 
4799 2580 
8133 3244 
7320 2133 
4992 8928 
7417 7094 
540 6882 

3713 2253 
8884 4504 
426 6048 
301 1049 
7548 2498 
4970 7676 
6572 5351 
2259 5192 
2112 6499 

1036 6911 
5432 9169 
6508 9104 
7654 7852 
8033 1424 
4946 4925 
4658 8659 
7178 3542 
9515 7604 

5942 9816 
5005 3491 
8666 6328 
1167 5238 
1679 9778 
6782 143 
2630 7818 
7055 8062 
3340 9915 

7166 994 
7767 1551 
2418 9065 
6476 3428 
7724 7 
6971 7239 
7611 2913 
3407 8969 
2756 8425 

5297 276 
15 3328 
54 6797 
3472 2684 
968 6879 
7098 4308 
6794 617 
1654 913 
2168 425 

9978 4997 
3853 4054 
5004 7176 
7645 8967 
90 7404 
7936 9198 
5829 3233 
9474 5844 
6562 5881 

8993 34 
4917 6313 
6913 2016 
621 59 
8985 8628 
972 7505 
5405 7302 
2502 9258 
1356 7506 

2787 9001 
2826 2877 
6405 762 
8427 8586 
348 7902 
4430 3262 
3783 9775 
9648 8700 
6089 6561 

716 3062 
2972 6053 
1690 296 
3559 3447 
7598 6061 
9058 8954 
9920 1845 
4307 2746 
1074 7064 

9860 9501 
2002 6560 
7403 6432 
9822 1186 
2559 9470 
9887 8648 
2383 6955 
1711 1707 
3009 9753 

2003 2920 
3201 9601 
8981 2259 
4907 5253 
4104 5566 
7999 5178 
2630 4212 
1031 984 
772 8435 

7416 6947 
5973 6328 
6417 2212 
4976 5153 
5520 3039 
6860 4881 
2793 8864 
7801 5994 
4817 6782 

4605 9725 
2036 5061 
5291 6387 
6591 4274 
6951 7622 
5258 4076 
6057 9027 
1023 8383 
5355 3792 

595 6683 
5297 6115 
9723 2158 
996 2516 
7374 8797 
4862 2191 
1932 5819 
8268 320 
880 9912 

3059 7471 
538 11 
5093 2148 
439 7503 
7527 1462 
2238 9234 
5254 2833 
5918 552 
5301 5641 

9062 6297 
4509 2788 
1447 5723 
1331 9731 
7894 9600 
6403 8774 
5864 9462 
2597 2754 
5825 4042 

4902 6264 
7897 2430 
4078 135 
1664 5685 
2969 3934 
2589 8270 
5927 1651 
919 6788 
791 8718 

8863 2122 
4801 6757 
8074 1204 
1883 3938 
7019 4480 
6692 9196 
4875 7947 
1813 2772 
377 5891 

9260 8393 
7928 8581 
2328 517 
6851 4607 
8520 4122 
1396 9311 
9193 259 
1434 3994 
7017 9508 

1551 8900 
9799 8570 
9733 2843 
4118 4608 
790 5931 
3732 7519 
8175 2992 
2265 6103 
1573 945 

2973 4776 
5552 1493 
5251 6948 
805 4444 
7208 8591 
4790 577 
4451 6341 
9477 602 
1263 5562 

3446 5382 
6522 588 
7665 255 
4460 5840 
3247 6725 
8296 1173 
7670 1269 
5949 9574 
9114 1200 

6523 6271 
1996 83 
4862 6787 
660 5666 
3128 6489 
6268 744 
2052 6066 
6126 8574 
6655 3791 

5181 7467 
5984 4781 
544 632 
5954 4566 
8253 1903 
4140 7367 
9456 7015 
9991 7804 
7098 4853 

4591 4110 
519 4072 
600 6788 
4816 9004 
9206 7294 
3930 5861 
1085 5464 
9680 3421 
245 224 

405 6199 
4790 8658 
4454 5283 
2378 262 
2298 2369 
8067 9397 
3574 2658 
3507 446 
3082 459 

3586 7898 
5815 2792 
5192 9746 
5006 2630 
5210 4686 
2403 5455 
4911 2809 
8006 6053 
7819 2460 

1336 6549 
9075 3635 
5270 7142 
9384 5197 
6152 2891 
5643 9235 
9703 9229 
3485 5518 
2021 5030 

1616 7027 
4012 3178 
8066 6415 
8633 9329 
5576 2991 
5382 9748 
1804 3071 
2649 879 
6706 4272 

8021 6090 
9469 525 
5333 1464 
9760 5036 
693 9598 
6907 9066 
4628 8523 
2446 8640 
1702 6864 

1407 6687 
6193 3336 
9679 1575 
9436 7835 
4646 2085 
8714 7704 
6357 3087 
146 2178 
3612 5480 

3642 9725 
6868 4335 
9323 127 
9754 303 
8651 8552 
5295 6705 
5416 3054 
3392 1609 
6390 9423 

9536 5826 
7258 535 
7912 2324 
8239 621 
1763 8386 
2800 5376 
218 6442 
1453 3438 
7130 776 

3566 6884 
1079 8569 
1788 2726 
5274 7204 
5780 8666 
8813 2171 
4442 4701 
4349 8052 
5236 8613 

377 3476 
9235 8492 
8214 2035 
3868 4784 
4829 5321 
4574 1959 
2449 8140 
5195 9880 
6709 6983 

2606 8335 
539 8387 
3354 5704 
6910 7796 
406 1259 
2200 5642 
9873 8929 
5470 5460 
7422 36 

7495 1290 
4820 8676 
2964 9395 
6988 1765 
3887 8535 
1646 6949 
1871 4252 
5284 2410 
8991 8638 

8115 5901 
2786 8521 
3513 4987 
515 9738 
3916 5986 
5198 7690 
2374 2693 
8981 7195 
7721 8297 

2942 4709 
62 3181 
3245 8060 
130 5116 
2313 1767 
3878 7656 
6757 1993 
9910 5896 
6866 9775 

7235 3734 
9513 1151 
9720 4711 
8842 8446 
3756 4175 
5641 1477 
8824 4935 
2539 5238 
4469 5784 

3299 951 
7252 1964 
9070 1130 
9620 5828 
9476 5882 
8076 6342 
5657 5311 
76 5170 
6462 6148 

9881 1656 
4595 3637 
2183 6588 
1467 7359 
7876 4006 
2598 2345 
6142 5897 
9648 3394 
7861 8719 

876 3833 
899 352 
9716 8975 
3047 1725 
4286 9475 
6896 7100 
5624 3129 
5109 6571 
3119 7292 

9511 938 
4652 7387 
4944 3602 
6084 1086 
9499 2085 
832 3712 
804 8060 
3897 1703 
8413 9965 

678 1460 
1691 1316 
7287 4939 
8416 9263 
8068 3525 
5834 7539 
7170 5346 
8477 1822 
9085 3421 

1776 1522 
859 7627 
9959 8043 
1339 763 
6104 5236 
8818 869 
5202 5848 
8681 3245 
7164 5968 

8184 5580 
5232 2604 
9106 7418 
144 2628 
9116 4973 
4450 4554 
4747 2578 
2428 5606 
205 2387 

2 1544 
9502 2458 
3132 8320 
3327 4686 
4168 8360 
7931 7684 
4328 2467 
9616 5912 
5072 5074 

3331 5216 
7702 2447 
6541 8504 
7001 1288 
1082 5781 
3247 1287 
8168 3249 
9183 7670 
2059 8668 

5990 5386 
3354 6510 
98 7638 
546 4426 
105 163 
6691 1529 
5237 22 
3097 9292 
8821 9639 

7796 2175 
927 8879 
7956 4174 
6518 2477 
7423 5702 
147 9482 
4370 2490 
1220 4076 
5352 1318 

8066 5899 
2097 8172 
2414 5140 
9701 4003 
1514 2799 
3295 6687 
2438 1092 
8862 9717 
9971 3171 

3892 2841 
5648 7667 
8543 5795 
7150 9265 
4637 4722 
9694 9990 
2393 7760 
5889 842 
2284 4655 

5982 8338 
8658 3848 
7489 1954 
535 6279 
3046 5750 
5996 9369 
8921 9888 
2210 921 
7556 754 

3068 1058 
6371 7706 
2132 6065 
7696 877 
178 9937 
8071 8814 
944 405 
7152 9602 
4253 993 

1556 4789 
7272 4602 
539 9621 
323 5812 
5861 2534 
3085 9769 
9640 6153 
7179 6011 
211 5664 

8429 4259 
6541 4959 
4196 4613 
3773 1492 
5018 7278 
1095 9272 
4623 2651 
413 8248 
3606 7304 

7869 3929 
9468 82 
6463 2553 
9852 2455 
8706 7031 
4819 8918 
2695 9600 
3177 5589 
4559 3726 

202 4684 
5218 1572 
8314 2665 
7196 2938 
5317 7609 
7538 5275 
1265 5407 
9204 733 
5489 2020 

3286 1693 
827 8345 
5077 5646 
3615 7772 
5246 3144 
9713 6157 
3222 6267 
7194 4793 
7840 5508 

7458 5036 
4798 9127 
8998 2336 
4402 263 
4095 9959 
997 5937 
8331 635 
7630 9158 
8980 2707 

4805 2595 
6832 51 
2092 6545 
2561 5314 
2813 9755 
107 7005 
1615 3918 
2041 2766 
3045 1039 

1454 3800 
1303 5550 
3759 8652 
7839 2090 
9287 5469 
1248 8268 
4529 6053 
7215 7713 
2457 5659 

4258 1370 
974 3423 
1125 7433 
6780 9092 
1351 5174 
1858 749 
6213 9665 
4549 3868 
1567 8308 

8872 9406 
6750 8160 
1227 7998 
2780 5756 
404 6347 
3469 9213 
2007 4080 
583 2981 
3855 8060 

6766 6988 
3504 8118 
2162 1715 
8867 8375 
1380 9768 
8596 2947 
8076 7468 
8705 1178 
1980 9932 

5528 4760 
2041 5932 
1108 1862 
1497 3115 
5942 8432 
2448 6150 
2844 9214 
3138 6349 
3684 5300 

4416 8903 
27 5796 
8671 4975 
5095 3099 
2444 3800 
4277 4424 
84 9806 
5537 2125 
2090 6645 

3988 9940 
6112 6282 
8372 4912 
8784 7569 
4126 1922 
270 4163 
3574 4686 
3066 9954 
6834 1738 

4929 1929 
1189 3725 
2081 5467 
4502 2165 
1625 39 
643 3715 
3036 4631 
3655 9148 
7265 8380 

4060 6050 
2301 4538 
4324 2571 
8701 4251 
3609 8120 
4205 443 
9858 9134 
8724 1047 
9212 7157 

2866 3714 
9322 4491 
3753 6317 
4559 6789 
7300 8214 
2289 4566 
2946 2701 
616 1599 
7239 1292 

4170 2293 
5543 4131 
413 9748 
926 6623 
5235 9650 
4022 799 
3159 6889 
4513 8834 
1380 4618 

5151 5939 
7759 2452 
506 6400 
7018 9804 
9101 3986 
1404 6340 
1630 1926 
4985 7174 
6058 5398 

3274 3336 
2021 4861 
2987 6044 
5660 6146 
2933 6525 
1332 665 
7495 6484 
2957 5254 
8936 9815 

1654 2306 
5971 7107 
2644 7375 
3448 4274 
5654 4785 
1448 1712 
184 1075 
1400 2205 
2288 4387 

4601 4301 
6886 3886 
826 8218 
4552 4674 
1054 3861 
9928 9990 
28 7935 
8648 5999 
5042 1292 

9727 4842 
5567 5381 
9628 3367 
3445 6164 
794 4845 
8369 3083 
5585 9323 
7384 8823 
3209 4562 

3393 4113 
9236 4448 
7974 9165 
790 4354 
3452 9439 
354 4846 
731 81 
9689 2650 
5462 5669 

6018 5259 
1833 3164 
104 6554 
6247 5689 
5877 3631 
4512 9087 
8194 7906 
3200 3782 
8706 7527 

9299 9496 
1881 2751 
8935 2235 
7598 6019 
8668 3639 
8669 482 
5660 1039 
5741 7493 
4204 2198 

399 6803 
7887 6277 
435 8752 
1716 4981 
3010 4916 
5115 1716 
8795 4415 
1212 677 
7166 6500 

9264 1116 
2519 4285 
1107 7540 
4767 6767 
4932 6861 
612 5488 
5411 1012 
2291 3298 
3641 9078 

8402 5357 
411 1412 
6625 5527 
9480 5421 
9942 693 
2450 7108 
3545 1714 
4577 2416 
2351 5684 

6308 3471 
8804 1240 
332 9416 
6728 2095 
6780 5372 
5393 421 
4450 148 
5778 4862 
1560 8756 

389 1041 
4177 331 
8086 2979 
3791 7983 
4693 4720 
6751 3397 
405 3059 
6868 9209 
652 3552 

4977 7380 
5647 1758 
9104 7392 
2179 3555 
7540 4310 
8417 5453 
3066 5158 
2846 3595 
1841 7284 

6574 1984 
5267 7619 
6705 2018 
1016 3462 
1429 4236 
9023 2081 
7788 4000 
5814 3435 
2110 4918 

828 642 
8473 8368 
4952 3242 
173 4370 
4752 3019 
4317 6593 
303 7243 
8578 1922 
1214 1635 

3940 2231 
5097 1722 
6467 472 
3803 608 
4472 9617 
4043 2935 
4536 1223 
3577 3009 
5944 8529 

2604 6117 
9251 7356 
9137 9920 
3950 5792 
7163 8880 
7715 8377 
6867 8007 
6960 1964 
9729 9780 

2436 3533 
388 3260 
3150 783 
6195 4038 
2007 6124 
7048 4303 
1005 6004 
420 256 
3360 5909 

176 3662 
1702 3691 
8894 5769 
2069 5761 
3776 5381 
4077 9858 
5161 2865 
9743 1901 
2478 9245 

9037 5025 
3284 1044 
1150 6684 
5347 2155 
2688 2119 
2412 2400 
8029 8940 
6063 6083 
2632 1309 

8204 1053 
7071 8332 
2786 7500 
8190 4300 
366 7933 
6201 9196 
7179 5238 
4221 6815 
2634 5371 

3499 4333 
7527 6187 
2805 6291 
8587 7186 
5231 1002 
9621 4215 
2312 7825 
1620 5735 
6157 759 

3235 4348 
5059 9953 
8633 7612 
5501 2164 
9203 9723 
8979 1837 
5094 2478 
2523 8973 
5017 5328 

5264 9957 
8866 6848 
7311 8487 
7415 5975 
6312 5388 
1710 2469 
6147 1298 
3169 1206 
7603 8155 

8818 3105 
319 8021 
2828 5651 
6211 4274 
8129 5086 
9600 9499 
6766 4864 
5808 5632 
8064 3119 

4119 1832 
9095 6783 
7220 7157 
5604 3367 
8455 5126 
925 2411 
3281 6095 
5516 9952 
469 4696 

5603 3032 
5322 85 
8118 4922 
5936 1236 
6139 1744 
6868 4203 
4863 7339 
6035 310 
474 9607 

7468 6078 
9326 2275 
7556 251 
4686 7189 
2699 6554 
7142 9520 
1250 9097 
2552 2925 
5534 7022 

7847 1470 
8258 3986 
3214 1478 
4542 4430 
5169 6929 
1092 5643 
6537 4912 
8073 5863 
7188 5630 

2467 8226 
2819 5166 
4781 6313 
4686 2383 
5411 3590 
5308 945 
612 9508 
8768 5222 
9846 8334 

3052 4388 
2764 8221 
1318 209 
216 4207 
5121 8289 
70 2309 
271 2537 
6888 9443 
4055 1669 

2108 8741 
404 7519 
8683 2065 
4817 9295 
1573 3585 
869 1419 
1919 3921 
2160 1036 
8494 9830 

1245 8710 
389 2718 
3352 459 
1380 9975 
9349 8268 
9418 3404 
9937 1527 
2146 341 
5398 829 

2406 6567 
6477 331 
6504 3698 
8103 4776 
7620 6615 
2164 6114 
2797 9761 
1177 3186 
2479 4529 

3645 3859 
4504 2994 
2127 275 
6399 8416 
8154 4897 
5110 9904 
2078 3868 
2824 4907 
552 5680 

8606 8655 
456 6226 
5270 8972 
8692 4419 
8733 9869 
7605 7565 
750 7602 
7776 1607 
6949 6256 

8234 3348 
4672 2740 
4597 6134 
2644 3027 
3 1820 
7935 555 
7501 6541 
5562 4309 
9119 7184 

3282 4163 
1603 8367 
385 9208 
5932 7487 
6810 61 
9094 3759 
6317 3680 
3459 989 
6420 4408 

3476 5417 
7436 3479 
7237 1723 
386 1090 
4616 5948 
5400 87 
3132 5034 
4250 4735 
9753 4635 

295 2038 
2123 3457 
2099 7569 
7217 8416 
1250 7028 
5757 4022 
7789 9233 
9439 1577 
9064 3029 

3300 9450 
4119 7916 
1750 5871 
4355 1234 
7257 8605 
2321 7011 
9593 2616 
9049 8068 
6074 7500 

1989 9643 
2268 3239 
3023 8025 
7262 812 
3611 3053 
2389 2675 
6082 2041 
8478 6554 
6309 6580 

2425 664 
7815 6035 
5622 6488 
3046 5215 
9105 8447 
9635 1531 
2299 1624 
7526 4567 
1216 549 

8944 4830 
7714 2555 
7883 6455 
1583 318 
8497 61 
6872 4806 
2993 5649 
1823 7160 
1684 7445 

3649 1082 
9012 2754 
5881 8647 
637 4532 
6623 8163 
9099 7839 
5064 8044 
9021 9130 
6951 6905 

5586 8534 
3575 435 
4947 447 
1593 7941 
2448 3416 
5101 485 
7213 8750 
7919 6225 
7856 3801 

1224 4845 
4685 7848 
9360 3785 
2039 777 
8181 1061 
9907 1484 
4318 1845 
19 7893 
8632 1318 

4692 226 
5611 7140 
9994 7065 
3977 3560 
2167 1897 
9785 24 
2050 7362 
1221 6735 
5210 582 

520 3601 
1359 5053 
4662 7618 
6538 8980 
5816 2909 
3225 4448 
4227 7917 
1026 6191 
1410 7373 

3256 5387 
933 5423 
3636 7070 
1799 5686 
4432 3021 
2422 5994 
9955 9294 
9596 1314 
700 610 

8932 7238 
9591 1100 
6499 9168 
5549 7078 
3438 6575 
3269 4848 
300 6525 
6587 1233 
1949 6576 

8304 100 
2262 9088 
9473 1036 
5083 9428 
331 4679 
742 1031 
5289 6027 
4621 1232 
7127 1120 

6753 9028 
8198 191 
1956 7820 
1391 2256 
4345 7978 
3490 2646 
906 8146 
2747 3169 
7234 8572 

4205 2317 
8001 888 
3348 5095 
1919 4990 
7474 2892 
2574 4602 
364 9327 
9982 4915 
9518 1938 

2735 909 
547 3432 
5240 4037 
6079 6146 
8535 5178 
5667 5769 
3750 9873 
4439 8103 
761 4139 

3199 9033 
9129 673 
8277 8056 
1627 8642 
7383 1610 
9909 3254 
9900 2644 
515 447 
6076 2107 

836 8507 
8254 9371 
37 273 
1493 3788 
146 2284 
1891 7260 
6423 1442 
2645 1905 
2116 922 

9961 3743 
5916 3696 
5353 5825 
3302 1606 
4821 3818 
2053 7250 
5925 9242 
2109 531 
4965 2147 

805 6458 
2287 7303 
5094 530 
915 1518 
1973 9912 
9775 4089 
7187 9736 
7832 3103 
9784 9538 

5281 9439 
1144 6454 
3257 9549 
56 5534 
8791 2166 
2418 3757 
4313 3223 
6567 6600 
6878 1662 

7130 4146 
9532 9103 
4058 9307 
9544 1245 
5395 7377 
4349 1531 
3267 5982 
970 763 
2436 579 

312 2493 
6114 5456 
1011 8532 
5565 5324 
8107 8484 
8276 1337 
146 1758 
5483 6030 
7214 9542 

1689 6758 
787 7084 
487 1488 
4968 3754 
7470 5938 
4517 6259 
6518 1182 
5104 8984 
6638 6115 

7516 2203 
7791 1975 
687 2419 
3312 7186 
4177 8796 
9568 1391 
8338 1258 
8150 9125 
4694 4989 

6966 9662 
5096 788 
1953 5965 
3399 8471 
7147 8503 
7455 137 
970 1323 
8692 5113 
3298 5732 

7532 6610 
9270 1710 
1758 8838 
9453 96 
6448 3955 
5574 1143 
8945 2540 
7157 4041 
9680 9110 

6 3080 
3933 3506 
7935 1388 
3643 8906 
9063 8688 
371 2361 
4420 7904 
5324 42 
5966 7082 

5232 5419 
3531 1681 
9375 9105 
9176 4672 
7997 6333 
8713 4029 
1796 5071 
7109 5729 
4929 5045 

3470 4925 
303 8885 
3613 674 
1247 4385 
4930 2923 
4427 896 
5 6011 
2668 9888 
7692 8395 

5345 3220 
9419 9694 
5906 4484 
3724 7702 
9555 833 
9783 837 
5878 9605 
5762 6181 
8491 5727 

6856 6090 
112 8138 
9013 891 
5387 5370 
6902 8055 
1611 947 
2802 6956 
4167 2221 
6651 73 

6705 375 
4127 2612 
7560 3911 
3449 3439 
9868 9211 
5972 8359 
1290 9180 
801 1402 
7319 6166 

8645 2706 
1537 1900 
7113 3148 
2847 9915 
6456 3366 
2136 3107 
3440 5193 
9834 7567 
7805 7395 

7830 7607 
7186 7699 
3170 3158 
2410 4461 
2339 9564 
2215 6010 
5730 7213 
8716 7267 
9113 5829 

6767 8312 
5744 9576 
1678 4232 
2683 1470 
5777 8870 
5390 9934 
2617 3220 
3893 9803 
7271 7064 

9313 6034 
7877 1652 
5598 92 
7662 1328 
7305 2730 
4948 2770 
8559 8067 
1082 655 
7643 9113 

1239 6679 
583 3368 
5549 5973 
3303 4518 
5546 7196 
4321 2817 
612 3634 
8851 8489 
1639 801 

4934 5653 
2130 8591 
8384 7078 
1362 3295 
5145 8796 
303 9141 
7909 7894 
5820 4845 
1263 7721 

7170 918 
2239 2716 
4466 6560 
1886 5079 
6546 7089 
9920 4537 
7891 4854 
191 21 
9798 4927 

3451 7512 
4574 4948 
6308 1229 
4089 570 
9124 9909 
1767 6739 
7630 8937 
4009 6221 
1654 8475 

2781 3540 
9906 5680 
629 6179 
217 4872 
7385 6760 
4893 7183 
1687 8344 
4695 2614 
3293 7356 

3843 3734 
7926 9319 
3644 6045 
6058 7626 
4982 67 
3848 2988 
4895 2981 
2880 4801 
5013 9862 

980 5231 
4734 8366 
1991 9628 
1901 31 
4324 6597 
2645 3969 
3953 2840 
7704 8231 
2160 7700 

4276 8218 
5326 5610 
4638 5526 
8599 9533 
4860 7831 
686 9873 
7693 1667 
1456 2428 
6385 9800 

8408 8286 
9831 9084 
1235 8828 
3054 5188 
8020 7110 
9771 180 
4810 399 
4751 6488 
6010 9389 

2015 961 
8922 3227 
8792 9608 
3100 6486 
7627 909 
5266 364 
709 26 
8651 540 
9110 9886 

5720 8516 
1427 3740 
5626 1198 
273 6788 
1598 5024 
3277 3960 
4413 1644 
4921 9687 
4871 3713 

5647 4323 
6551 9627 
5232 8169 
9991 5941 
8195 8642 
2833 3658 
4881 4905 
2174 6308 
4998 4153 

3858 5271 
941 5456 
295 4218 
9416 1060 
2214 689 
7099 3437 
755 2746 
4113 7306 
2373 9345 

1828 8717 
1639 23 
7359 824 
33 8592 
2082 2208 
4900 7080 
6361 8759 
2351 3654 
567 8998 

4225 6336 
58 6439 
7025 3509 
6229 7780 
6255 342 
1439 4981 
9687 3267 
3698 7678 
9642 7409 

4855 9676 
6002 6937 
8236 7254 
4017 949 
6013 2720 
4603 2933 
1718 8828 
9269 8128 
1620 2646 

1637 7849 
427 4244 
8191 8218 
5577 4230 
1485 9275 
8261 7479 
3037 3116 
3507 9039 
53 1743 

2645 422 
9044 8659 
3142 3648 
7944 1212 
8828 7213 
5692 448 
9859 7329 
4649 6638 
7925 2840 

4856 3503 
3423 2693 
9130 1684 
173 2167 
1152 3680 
7558 1205 
1776 204 
7979 820 
5215 1121 

4468 3159 
8685 9649 
6724 4377 
6449 2935 
8058 1099 
9574 5983 
291 4430 
5838 3714 
3476 4969 

1750 3649 
3488 2902 
3681 7399 
459 5457 
3955 8438 
6278 5522 
5911 7098 
5033 4596 
3099 1757 

8973 9549 
4692 7031 
648 618 
9367 939 
1401 5205 
1006 4877 
6526 9108 
4878 6367 
2011 8559 

3766 8822 
4017 4073 
7261 6647 
9595 3172 
97 4628 
4121 3197 
2737 3094 
9098 3781 
6478 9746 

4400 2197 
7037 2153 
7402 8043 
7030 281 
7152 8260 
3000 5515 
6819 3118 
4337 7188 
7191 7950 

187 3138 
7475 6637 
7766 1596 
9834 6855 
1042 5284 
636 7520 
5030 1388 
9717 2067 
3541 3472 

6463 6923 
105 9967 
5183 3105 
5482 8355 
6223 6171 
5543 9766 
4122 5731 
2904 7949 
2368 670 

9545 8554 
7525 587 
3838 4513 
4460 5220 
5902 4177 
7287 5795 
4001 102 
9071 4106 
69 4254 

7211 5551 
8961 9786 
8075 4505 
9552 8549 
6588 2456 
6498 8956 
9478 6043 
3862 3355 
2982 4052 

7869 7442 
9272 123 
7972 2911 
5918 1973 
3014 4989 
6080 3083 
5596 9643 
4987 4557 
5782 3062 

5414 1686 
7963 2002 
4143 4461 
958 9973 
6856 1172 
3329 9838 
5224 7550 
7281 4496 
7673 5253 

7408 3591 
3578 6774 
4933 6010 
9857 529 
5654 1196 
1438 7788 
610 6853 
9474 8573 
8855 9969 

9386 6166 
9943 6242 
7338 3272 
6081 8915 
822 9714 
3411 4847 
1319 7171 
8438 4897 
3945 9723 

908 155 
6604 2914 
7703 8043 
702 4666 
1248 6528 
3239 6455 
6498 2626 
2621 6441 
5220 6312 

6065 1301 
1579 3239 
7367 4990 
8086 8686 
8514 2876 
9936 8811 
2600 844 
5318 9204 
110 3022 

3599 7164 
7688 4847 
3692 7279 
1303 190 
6257 276 
2983 1478 
2940 5400 
9131 4519 
8639 6499 

5862 3077 
5185 4376 
5954 1473 
3187 8554 
2317 8506 
4110 8779 
7880 7710 
5943 5568 
2557 5988 

9199 212 
2530 5457 
6841 5514 
3287 9781 
7266 2418 
4301 2258 
5269 163 
5335 6807 
4539 1289 

8280 4078 
6195 6950 
8936 306 
5729 6816 
4368 8025 
8736 3277 
4013 7936 
3490 2895 
9745 331 

4761 9384 
6464 2028 
1802 765 
4286 7072 
928 9621 
3879 1819 
7263 8511 
2250 3458 
5461 1186 

116 1191 
4355 836 
5568 3091 
4114 5933 
7379 3956 
8828 3476 
639 3590 
2860 7103 
5618 1015 

7869 6256 
4439 5149 
5877 4670 
6969 9492 
3181 5571 
9303 8643 
6757 9419 
6186 1112 
256 8106 

556 722 
4039 4287 
4678 2867 
7764 1669 
6457 6976 
8772 8427 
7991 2993 
4683 8782 
8143 6913 

3452 1464 
6405 6634 
7035 5708 
1629 144 
1480 4167 
1257 8088 
2273 8165 
8810 6312 
2452 9840 

9179 6568 
1509 1989 
9897 6633 
416 7888 
9627 1452 
6671 4122 
8365 6475 
5586 4770 
3109 8973 

479 1090 
9117 1959 
5257 6726 
47 7530 
1243 5209 
3842 3696 
5049 9374 
6616 2910 
1363 6513 

9543 8131 
754 9170 
5935 3777 
3292 4300 
252 5230 
5423 9714 
4203 2254 
804 3321 
565 6062 

6399 6964 
3592 7643 
2173 3787 
7691 3574 
3161 659 
6484 876 
3525 6027 
9007 4279 
1550 1295 

4408 4842 
5595 4660 
73 7370 
4374 628 
9624 1531 
301 189 
7593 6701 
7153 1185 
696 5678 

4972 8387 
9252 4485 
9046 5736 
5361 2571 
8116 721 
3202 9666 
2016 7610 
4508 7611 
8623 933 

1334 9349 
1562 958 
880 8215 
7500 8473 
4916 4653 
6011 5612 
6684 7335 
351 5936 
1821 5750 

1673 7182 
8321 6141 
7903 7876 
5807 6271 
5486 6667 
235 461 
3953 1569 
9811 5515 
2527 691 

82 27 
9165 4999 
1033 1528 
6963 7717 
8863 7315 
5 684 
3065 8030 
4219 7738 
4171 8474 

5614 9978 
4746 7453 
2998 4981 
7914 6951 
6550 7725 
8818 5429 
4769 8900 
1809 3934 
3899 9194 

5462 7215 
6911 677 
4530 3268 
7714 3947 
1299 1933 
8037 5470 
6759 4 
1801 7857 
3809 4799 

9190 8075 
1750 2092 
5801 568 
7522 570 
9468 5683 
856 9720 
4877 2670 
6935 8140 
3347 7817 

1408 1061 
8116 2707 
9346 6153 
4530 2458 
2509 6331 
315 6318 
7482 5858 
4394 9232 
7950 6547 

6152 1824 
3469 1972 
7507 677 
1692 2384 
3347 4979 
524 3046 
9148 8285 
4108 3616 
992 9806 

9770 1874 
8616 8631 
8205 8932 
4950 5687 
1142 5696 
1271 9092 
2243 7423 
917 2064 
5748 8424 

2741 3792 
7161 2440 
8772 4037 
5486 4272 
2322 5946 
7889 9667 
5753 4011 
1541 721 
2642 6099 

6005 3944 
8138 7147 
9640 9410 
6240 8235 
3185 7157 
6651 5285 
1933 9392 
9078 9094 
1832 4202 

9484 3671 
8474 1806 
9617 2715 
7825 1722 
6726 5719 
2444 5721 
1818 8449 
9665 6308 
5597 5658 

2070 1837 
245 5256 
5346 6897 
6893 3631 
2641 5971 
9078 826 
173 8562 
4497 5000 
6720 4114 

7715 4546 
5837 4442 
265 4633 
163 8435 
3082 6180 
4743 8679 
1838 6814 
6868 8436 
8422 8566 

1685 5315 
8550 678 
7639 7628 
1504 7812 
2542 2353 
2812 9262 
2820 528 
160 5009 
1322 6777 

9642 7837 
1564 2724 
4017 6308 
7756 2208 
9474 976 
6996 4248 
5895 8681 
5915 4445 
9359 3554 

8425 7216 
1367 7319 
5921 531 
6581 8741 
7411 3094 
3750 8733 
6223 9744 
2922 7788 
8821 3292 

448 2929 
5500 6274 
3905 2496 
522 6152 
7529 6437 
6949 3240 
9992 5374 
6808 7711 
9045 2730 

8242 1979 
1471 5654 
5073 1574 
739 1296 
1318 14 
5436 6491 
3306 5884 
9420 8806 
8510 3326 

7654 9032 
5830 1535 
1822 2780 
1127 1814 
4506 7936 
9525 3552 
666 4119 
5531 8489 
6125 6956 

6415 3217 
4604 7734 
3231 41 
4225 6537 
2277 3646 
1695 788 
3324 5701 
6172 5506 
3588 7994 

8286 4715 
9808 9145 
2651 5685 
2697 9669 
6157 4580 
8159 2282 
1536 4574 
5499 6140 
8660 5082 

2533 9238 
7971 1163 
9236 9666 
1951 8912 
1719 4475 
4418 5307 
2470 2705 
6375 8630 
1850 9026 

668 899 
8696 6825 
5479 3207 
5459 3367 
7781 959 
9507 2794 
2393 8393 
2032 365 
9556 1268 

6383 7859 
180 4455 
2334 950 
6114 1156 
3655 2489 
9787 1857 
1516 6807 
9108 6564 
3632 939 

6123 5443 
4306 256 
2754 166 
3050 5148 
8559 1434 
5513 8115 
9054 8248 
5974 5586 
2703 8308 

6537 8818 
5817 6544 
1307 5604 
4754 9175 
8763 3862 
2091 8747 
1154 8214 
4190 5460 
4823 6945 

1978 7873 
2093 537 
9308 3958 
5004 8362 
8558 978 
3949 1262 
5639 6838 
6432 1456 
3382 4091 

3412 8136 
9619 2175 
8351 8062 
7274 9505 
6277 1464 
1317 1100 
8409 3296 
5325 6854 
3833 985 

812 8838 
5700 5723 
6168 6001 
6985 8159 
2839 9769 
9615 6221 
3860 9379 
710 9831 
7906 9061 

7894 5180 
8566 523 
2997 9883 
7975 7758 
9531 3300 
4613 3365 
4286 1777 
8555 9986 
7500 1075 

5987 837 
9235 8826 
606 5202 
1399 819 
934 2109 
650 8840 
7522 8544 
373 6088 
5419 9722 

2324 3394 
7480 8207 
6695 2093 
1572 7333 
3871 6479 
7319 7723 
3907 9658 
8561 3142 
4836 5519 

4696 2587 
2690 5630 
4697 3341 
823 2219 
8237 7548 
4660 3657 
7270 3336 
7051 4750 
1543 98 

3196 9468 
7431 3419 
2299 1102 
1142 6206 
760 6055 
5700 1948 
7927 397 
4536 617 
2379 5585 

310 3202 
4156 8548 
7102 5168 
8557 4372 
4856 1960 
5475 2752 
8411 8671 
2220 5842 
2090 871 

6945 9584 
3430 4057 
1992 9130 
2358 9919 
5879 3246 
536 8259 
8831 847 
7813 2987 
5747 4916 

4508 656 
9288 9364 
8968 1115 
2116 7379 
9786 688 
3222 8228 
7912 6519 
7813 1342 
6928 9805 

6824 5638 
6076 2704 
8884 6612 
7315 7715 
3811 5128 
7055 5910 
44 1563 
2918 5685 
7279 1887 

6800 9396 
9266 2939 
6436 8840 
1167 4348 
1711 5332 
5690 8640 
1489 2515 
4278 7565 
1571 3163 

530 8886 
7230 693 
366 4285 
6604 6763 
2200 9522 
2448 9480 
7761 5600 
5228 7028 
4891 1664 

2220 2411 
2365 3932 
7743 4407 
8924 5585 
6922 9554 
9502 4845 
9069 32 
83 6300 
726 450 

6937 3682 
7213 9138 
9556 6013 
4970 7318 
7965 6550 
698 2857 
8214 2918 
5268 6931 
3202 9363 

1339 2126 
4948 4613 
1681 4451 
9459 750 
835 9542 
3402 7913 
6344 340 
1595 3557 
5830 7504 

9570 800 
4822 7536 
7350 1872 
6745 1916 
4790 2013 
5200 7993 
7728 6539 
6471 9029 
1152 4504 

9832 6963 
5255 667 
2858 5009 
8581 9202 
5349 6528 
2760 1179 
4032 8682 
8331 5206 
6218 2033 

7078 9315 
302 8221 
7680 5502 
2566 5409 
8393 9037 
4438 5897 
3542 4270 
2861 5149 
1289 5719 

158 6222 
4921 1860 
2751 4033 
9391 3135 
2716 4075 
8342 5286 
2460 1772 
4602 2762 
9993 2282 

4616 2559 
4043 9361 
7949 8481 
5259 1491 
9103 8120 
2992 6745 
191 9502 
2967 1464 
1362 2070 

5498 754 
5206 4566 
4829 9900 
9852 7289 
1672 4454 
6404 1666 
3089 7372 
4225 7132 
6734 2174 

1966 8345 
17 1069 
2817 3009 
4166 3008 
8864 7134 
824 226 
9204 6322 
7332 762 
888 2161 

662 7093 
5803 2335 
7899 8559 
353 988 
2283 4578 
4473 5369 
3105 6439 
3714 9474 
3860 2883 

8836 8027 
2243 7700 
1513 3068 
7926 717 
5742 5259 
7832 2983 
3772 8494 
76 5927 
7181 7975 

838 7534 
5316 3122 
8465 9789 
4843 1570 
2580 4910 
7396 2792 
7793 6232 
819 37 
3932 2332 

3105 8211 
9402 8847 
9822 3586 
8182 3594 
2080 8258 
5874 9262 
2586 3064 
3148 4254 
2538 1613 

395 7382 
3183 2975 
2292 580 
5767 6437 
3164 2939 
6474 7097 
1623 5931 
5308 7377 
1131 1482 

963 9313 
1428 3044 
3924 7302 
8658 6510 
367 1806 
764 9257 
3420 7511 
6639 2955 
486 5283 

9887 2605 
1721 3052 
1896 4547 
6501 3520 
479 8161 
897 7962 
9643 1861 
7275 1071 
1257 1199 

8374 6267 
4061 5093 
4425 1177 
702 4197 
8688 7342 
7153 5526 
8977 3392 
8132 7050 
6444 28 

1598 2945 
9900 8429 
1106 798 
6391 7101 
9011 18 
8173 6620 
7570 2899 
9239 1631 
7992 3664 

2809 8694 
7862 7849 
2388 1367 
3376 1366 
4759 7860 
4768 7556 
4240 6366 
6853 4141 
1147 4312 

1291 3890 
1413 6654 
3909 9586 
3274 1479 
2485 8865 
9462 6829 
2529 2271 
1876 6743 
121 4264 

8110 9849 
1982 9222 
7709 6751 
6778 1949 
9469 9983 
2442 617 
4295 3733 
4507 5709 
387 4768 

1647 13 
6247 4133 
8878 5710 
962 7760 
4333 9190 
4503 806 
9807 8966 
655 1789 
8188 4716 

4892 1318 
3018 714 
1301 5460 
7683 1949 
9194 8542 
7658 5933 
3311 9305 
2299 5910 
9790 1177 

7972 7105 
8937 8658 
6295 9793 
9464 6102 
8759 6472 
4244 3299 
7540 5488 
969 558 
6202 8622 

6019 3885 
571 1565 
2428 8229 
3850 2091 
3887 6149 
8001 29 
7327 2326 
7134 2616 
984 9782 

8761 448 
2236 3872 
3272 6480 
3523 813 
1969 4492 
1371 4523 
3115 3742 
8409 3686 
5307 7189 

8268 5510 
9280 8507 
1659 3633 
8536 8986 
5959 2023 
7955 6943 
1805 6716 
3744 4041 
6941 7016 

6874 464 
4181 8843 
4957 5553 
9718 4424 
9295 8127 
4462 955 
1668 2730 
6465 948 
7589 4476 

4582 2478 
9815 541 
4501 7770 
3837 2658 
838 7581 
3051 7779 
949 9925 
4596 5131 
5120 9553 

684 4839 
3977 6331 
2966 4791 
3638 987 
3874 6455 
1935 1463 
932 2869 
3941 747 
9763 4794 

4869 3600 
7452 2059 
7533 504 
9839 8482 
429 4435 
3613 1902 
340 649 
6741 669 
6981 6059 

5460 6971 
7046 9334 
9779 5334 
7150 711 
8203 7443 
7810 4318 
2238 2679 
7918 6042 
4738 5451 

6546 929 
286 3328 
1716 3899 
1582 8408 
4549 8323 
9077 7882 
4382 890 
1205 1429 
6576 984 

6763 3726 
1695 1318 
7522 5857 
5637 9760 
8536 9907 
2154 9627 
1711 5053 
556 1997 
8381 8625 

2248 9963 
7033 6797 
4638 2463 
1031 9020 
3353 2237 
6801 9929 
9573 9916 
8 7621 
7587 7530 

3478 3224 
3642 2015 
9483 5796 
1642 1194 
849 8550 
9543 5582 
7175 1792 
1897 561 
4941 6535 

3024 5973 
1908 6377 
4562 5061 
2658 487 
1330 9018 
8108 8917 
2900 1587 
8493 6542 
3602 4328 

8691 1596 
5523 9540 
6498 5066 
1475 26 
6858 3372 
587 8152 
6260 3611 
477 4520 
6340 1391 

9581 5350 
1878 7263 
4369 9987 
6180 7269 
1574 1025 
164 1528 
5354 8855 
3124 7229 
4747 5974 

2295 6222 
6000 5506 
9595 2939 
10 2207 
6550 487 
6727 9242 
1878 2660 
4593 3756 
9924 8962 

3743 2456 
2583 5317 
3482 2747 
6845 5188 
7954 6321 
2417 2702 
2296 1064 
8924 4648 
2922 4871 

7588 2932 
7078 4138 
3419 157 
9733 5297 
2818 4326 
5406 2742 
9640 9149 
5198 8575 
4467 5032 

1323 7664 
220 5629 
3986 8989 
8331 2634 
54 3608 
7282 9328 
4831 4870 
2261 8262 
5361 2032 

8419 5094 
3682 1237 
5772 9088 
3979 5412 
8237 5530 
3987 9056 
562 1662 
3073 783 
7292 7059 

6124 1975 
6045 6178 
1935 3327 
5507 6767 
4550 4120 
5029 6263 
6152 3448 
1357 9834 
1038 3481 

5274 1369 
5245 3512 
6899 9232 
8920 7462 
7247 1993 
4597 891 
5404 721 
9218 1449 
3252 1154 

1129 5111 
7921 5679 
9231 9302 
8294 1735 
2750 9651 
7922 3788 
9484 3196 
1510 4729 
6708 8409 

313 1981 
2223 7560 
3974 3172 
4803 9379 
246 4022 
7180 3498 
1528 8309 
4961 5801 
340 4192 

5103 8634 
2279 4205 
4637 201 
4346 4121 
3398 5856 
5202 6458 
4265 5516 
8439 2841 
9428 2414 

6013 4232 
8145 2611 
4606 1677 
6109 6134 
9987 1070 
8287 6679 
1614 3390 
5314 246 
7595 6303 

447 1941 
425 197 
7797 5627 
6656 8415 
7495 5095 
7608 6924 
3861 9973 
1156 8358 
2585 2114 

36 5046 
4600 6375 
2469 2887 
3054 4083 
6277 4720 
4329 3872 
1024 1129 
2166 7801 
1326 6315 

3428 7982 
4730 924 
9430 2338 
4200 9643 
2312 5356 
4354 1249 
3822 4390 
6295 8422 
7117 8764 

1309 171 
9200 7586 
4892 9881 
7810 5916 
1010 6328 
3717 8689 
2644 3497 
3023 7374 
773 2453 

6065 4973 
8449 4729 
6681 2803 
2330 503 
3545 8625 
8925 662 
7390 234 
7185 2942 
4172 8429 

2823 8335 
697 186 
4663 766 
8875 7307 
4264 1898 
1034 1389 
704 3451 
2715 5505 
8180 9396 

8308 6862 
6252 8205 
5487 1529 
5219 9229 
8116 8756 
2171 2288 
7186 1347 
623 7883 
1533 1639 

8650 408 
8946 9266 
8658 9980 
655 5714 
3431 9722 
1219 7963 
9119 5879 
4825 1723 
4084 6665 

3252 5655 
5894 1368 
4412 8066 
9 1598 
9413 6984 
5833 7298 
8623 835 
4058 7570 
101 9068 

3902 7109 
4783 3686 
6831 6002 
8001 2302 
1882 2827 
4025 2318 
5844 3630 
4326 1738 
1350 8738 

6156 7711 
6688 1921 
4696 8873 
9219 9671 
9709 9629 
3593 9810 
8698 7496 
6919 3481 
7534 3751 

5835 5535 
6053 4069 
4714 6431 
6388 558 
6413 714 
2297 7763 
5804 8453 
5475 8844 
6727 6523 

7717 2298 
6194 7426 
1928 9788 
7237 626 
3636 4156 
459 1170 
4259 6294 
6705 6665 
364 1420 

9448 3104 
1978 5861 
170 627 
3624 5974 
5433 5451 
4818 2160 
1974 2535 
4458 8169 
9962 2738 

4309 3551 
3364 7945 
4059 3823 
5467 8319 
6470 8524 
1336 6834 
9944 784 
9938 8275 
6645 108 

5254 269 
2434 687 
2073 3604 
9199 4047 
6139 3658 
8568 2453 
2748 2877 
6004 6113 
7174 64 

6288 2641 
4735 9110 
7518 6071 
5944 7462 
6855 2234 
2089 9852 
8694 7344 
6473 7480 
8031 8546 

1084 7231 
2594 7224 
7241 7514 
6029 9989 
6744 2034 
2454 3918 
8450 5095 
2912 3185 
4205 430 

5608 6502 
4244 2463 
8736 2686 
2315 3783 
30 8788 
1263 4413 
3687 2348 
7996 6281 
5924 1589 

147 1953 
7931 6891 
339 385 
7162 8789 
1832 6426 
8326 2390 
6856 3934 
8892 7452 
2749 3980 

138 1416 
7763 6520 
6557 5379 
7286 244 
4079 5282 
2877 6355 
6872 3024 
8308 4803 
9916 5000 

1540 3430 
141 9725 
9856 8468 
2115 3064 
8754 1007 
6868 7856 
4987 7007 
9272 9103 
9879 5829 

834 7165 
6073 4913 
8800 5302 
1268 5672 
8327 5928 
6827 4595 
928 4719 
4377 7422 
4444 4233 

2242 6559 
7297 996 
3918 4165 
8852 8906 
7524 4477 
4361 3756 
306 1547 
921 2732 
6460 6073 

4386 4080 
8097 2713 
6360 4924 
3660 3641 
5996 8037 
1063 6792 
2270 3305 
3352 5919 
653 7270 

6437 5858 
2528 313 
335 3241 
4069 6993 
4788 1343 
6077 7600 
7416 464 
1680 5514 
9529 4393 

6790 9542 
8034 9138 
7579 9097 
5931 6202 
8754 9283 
8473 9407 
2905 1262 
5265 1786 
1576 1952 

1379 5645 
5298 6168 
3340 7727 
3768 757 
8191 1801 
2623 4073 
6194 5765 
3615 580 
4904 7546 

9677 835 
100 8431 
6470 4926 
4190 5727 
6188 5808 
7513 7764 
4112 8893 
9762 9410 
1413 3102 

7138 1533 
211 1681 
9686 2834 
2106 5880 
4952 5721 
6460 9856 
9620 2489 
691 6072 
7272 3513 

998 1463 
9240 7187 
7271 6754 
1303 1383 
1999 1065 
7146 9764 
520 4284 
1297 731 
2317 984 

9918 4424 
3216 4870 
6497 6029 
1078 2469 
8518 1769 
8542 5791 
5282 9540 
3606 874 
3079 7229 

3980 4383 
4964 2331 
5448 2110 
2095 5968 
2746 3393 
3052 5064 
729 9322 
5840 3945 
4192 8689 

9974 1622 
1159 4845 
3391 9701 
6988 5025 
5593 594 
2251 8673 
7823 6232 
3056 9139 
8563 4856 

1250 659 
825 3996 
404 229 
5412 1133 
9551 1252 
5078 95 
9942 1405 
1717 7453 
6250 1460 

7154 3238 
2837 9099 
184 5088 
7772 4359 
1320 7180 
3498 6236 
2037 4748 
6895 2862 
5097 7299 

9443 509 
4784 8994 
8114 9862 
9089 4408 
1267 7158 
1861 3869 
8618 5367 
7107 7807 
818 3643 

2895 8591 
8002 568 
5771 7853 
6804 7808 
2601 51 
7022 4050 
3702 6465 
4560 8486 
1811 9026 

8348 7252 
9786 5968 
4410 7999 
9837 9380 
9718 3297 
7187 536 
6940 6435 
5479 1295 
7003 7603 

9148 159 
5411 8101 
210 8786 
2152 3912 
1603 3064 
8750 3415 
8442 3450 
7019 8228 
9418 7782 

6227 5608 
7162 2297 
5257 702 
2833 8549 
7137 4665 
9844 492 
2268 5344 
651 4031 
3446 861 

2817 1950 
1125 773 
5014 9875 
540 3456 
3325 7559 
8036 9096 
5341 615 
4704 8856 
2912 6313 

9558 2097 
4862 3047 
6762 1059 
3539 9030 
6403 4190 
3062 6201 
1403 2231 
8151 2528 
9356 9517 

2403 9896 
9325 5728 
7456 3713 
1176 9149 
4328 5880 
8005 3592 
2193 3915 
5690 3408 
3314 2452 

4467 6853 
7835 7222 
7395 7249 
3424 8798 
5832 7927 
1326 5189 
3797 81 
5085 9474 
2162 8893 

3188 3338 
8043 7516 
5571 2400 
7461 7764 
2668 3151 
1172 5982 
1955 1991 
9188 9790 
9214 6583 

3391 8990 
5382 9224 
3269 3060 
4413 7066 
3142 9498 
6541 1656 
4744 6081 
4994 2787 
9949 565 

1539 7410 
4682 4207 
561 2206 
6542 8869 
4198 5730 
5011 9764 
2313 8403 
8754 4047 
3979 2023 

3460 8392 
5442 2954 
4242 8335 
4610 8986 
4416 9604 
8125 717 
6522 9665 
8128 1204 
224 5041 

9762 6766 
262 312 
8848 5274 
76 1162 
29 8830 
1561 4008 
7206 5021 
8752 9000 
7975 2994 

7335 8937 
8333 8103 
4894 6458 
8820 1416 
2475 3300 
8972 2700 
8342 8734 
5818 8604 
9047 4667 

230 5475 
2181 259 
658 3742 
4267 7864 
5116 9371 
6864 9443 
2366 551 
8381 7051 
8654 3275 

9861 7474 
1043 2337 
775 15 
5037 5469 
5101 7207 
425 500 
1874 656 
5976 4055 
7267 6634 

4150 7887 
850 5618 
7258 7714 
5061 5976 
8265 9794 
3027 3271 
9421 2889 
745 6816 
1578 7872 

3183 2967 
9693 8285 
174 6471 
5137 2049 
7127 1113 
2456 746 
4099 6606 
8633 4949 
2224 2244 

9015 3638 
8220 3632 
9784 7600 
6903 5558 
6841 4001 
2374 8419 
8225 1910 
1386 7919 
195 1560 

4390 1684 
3609 7869 
2798 6066 
8615 6897 
9024 3601 
8199 7601 
5845 7214 
1239 4065 
847 7375 

1665 7750 
9285 8506 
1751 1660 
6925 9977 
9922 4663 
4248 117 
6224 8638 
1801 6185 
2859 951 

2251 1474 
4201 7628 
5075 2400 
5229 920 
5966 2820 
1338 6813 
195 9355 
916 9481 
7862 9019 

7493 1139 
5348 7415 
5803 9596 
3884 8379 
4586 2037 
4564 7445 
9341 3168 
5272 3542 
796 6699 

2294 6025 
7620 8260 
8845 5310 
1426 5392 
4665 2342 
1225 8879 
1361 8718 
19 6710 
2485 2174 

2658 2721 
6905 7245 
4759 1469 
1042 4100 
4637 6314 
3994 5433 
3014 2640 
7810 6986 
900 6655 

2296 8678 
8400 6961 
1020 9625 
2193 8734 
4696 8564 
1796 7181 
738 806 
9903 3995 
8051 1014 

5464 5446 
5114 102 
1760 5460 
1887 1126 
8100 9698 
8112 5352 
6353 6760 
383 1105 
74 7755 

731 2267 
6489 5427 
831 4637 
2608 7921 
5444 8863 
1916 9847 
9877 7380 
5293 1343 
3834 3406 

6803 5722 
884 1255 
1772 5349 
2960 8125 
2109 3343 
5583 8535 
1098 6314 
802 3940 
1741 7985 

4929 701 
5906 6725 
5917 4174 
6573 5794 
7907 8218 
7138 8093 
7976 293 
3815 8861 
7901 5587 

562 7213 
65 2671 
556 5648 
1207 8006 
8314 8361 
8298 6407 
6347 3228 
7108 8605 
9953 9377 

9132 2878 
5172 7039 
7449 8662 
5132 1777 
5307 5300 
6990 9560 
7239 7552 
6773 3656 
6576 3681 

5656 4135 
1688 3970 
2496 6338 
377 5195 
5918 3838 
3801 2224 
3215 2933 
1454 4739 
6324 8903 

3401 1456 
7033 5061 
3108 4023 
4621 348 
7928 1395 
4004 4504 
5076 6013 
8639 3116 
9983 7487 

5807 6713 
2683 1725 
6903 6484 
3949 118 
5769 5404 
1210 2093 
659 4611 
9901 7692 
6024 3010 

8068 646 
9710 2348 
8393 66 
3204 3469 
6079 1843 
2938 2415 
5682 5097 
9128 8365 
6822 6031 

1201 7124 
2501 6970 
2528 3711 
5415 9539 
4675 5317 
3584 699 
4679 1652 
7697 741 
352 6090 

807 3556 
5912 3239 
1751 8850 
5654 7433 
3947 1134 
5799 7121 
3517 3352 
4245 6018 
6675 6773 

6082 2090 
2665 7109 
3759 6249 
4160 4790 
7901 1858 
5531 4605 
7948 2691 
8161 3860 
5930 9912 

9062 1584 
3697 3009 
9070 9496 
6483 2587 
9201 728 
4957 5876 
3854 1039 
7966 6519 
4500 8078 

2768 8661 
2868 7021 
519 8400 
1626 8467 
1091 6139 
8680 3373 
2403 7742 
1309 6100 
7104 379 

5597 3587 
2966 4798 
4315 4275 
674 4521 
1667 4992 
1040 6167 
3070 160 
4828 5939 
3533 1699 

691 1511 
167 8134 
7650 8847 
1507 53 
2941 2816 
6154 45 
3195 8103 
3632 2513 
9253 4300 

6788 6279 
8821 8455 
1271 6214 
975 694 
2726 5803 
6633 6260 
7503 3676 
7771 4022 
1810 1774 

9221 3317 
8179 2162 
2485 685 
8560 2032 
8788 2192 
4545 4393 
6492 7685 
672 1666 
2493 8296 

7880 3468 
8990 606 
5623 1975 
3218 9478 
2003 7342 
9852 3813 
9116 5425 
3482 7295 
3940 2319 

7981 2500 
4351 3121 
4692 5248 
7515 7537 
9285 4539 
9203 1778 
2835 3435 
1598 8177 
4041 3574 

6504 7260 
3052 8507 
4602 9257 
2320 70 
4682 2154 
3717 8622 
4473 8050 
7474 8824 
7524 2167 

424 5039 
6056 9710 
5930 5259 
7840 5118 
8694 9439 
3295 9087 
3013 9800 
2699 2417 
8307 3653 

1674 6980 
75 2709 
5486 3793 
7683 9960 
8195 5158 
5136 5719 
7325 1913 
7110 3381 
1623 3041 

4992 9463 
8159 38 
5254 7806 
5477 4619 
7606 4529 
7037 2266 
8182 5063 
5598 4610 
7772 1084 

8403 5456 
7396 6598 
614 8885 
2318 4291 
7150 9428 
4024 5125 
8821 5368 
4588 6980 
5406 6195 

4787 7235 
814 8745 
1764 4203 
7363 9947 
9267 2961 
909 3391 
398 9312 
8847 4146 
2262 5813 

9383 932 
104 2885 
6713 480 
8010 5534 
5848 2599 
8867 7606 
5146 6 
4842 5960 
8751 6606 

6516 6115 
2905 5783 
5428 3814 
5526 2178 
9478 4374 
2677 1741 
6539 8412 
9025 2996 
1298 5738 

3476 9308 
7625 5677 
8259 6492 
3283 3405 
2850 8125 
5718 1601 
1084 8586 
4068 341 
4369 5849 

4156 9895 
4379 9986 
621 7056 
1727 3513 
1821 7105 
6509 3119 
9195 9985 
8779 6820 
2014 7039 

9664 5298 
6796 2514 
9775 8866 
468 7211 
7452 4536 
7553 8173 
6737 1709 
4421 1117 
1695 1394 

4525 9775 
4907 2698 
3232 1416 
2169 2427 
7754 949 
5600 9768 
4340 5264 
1418 7488 
4131 1194 

6355 4599 
8405 159 
5487 5958 
8333 8577 
4019 9106 
9694 2067 
500 571 
8194 5408 
3270 7778 

6824 5439 
205 4578 
2740 5805 
699 7080 
7422 2117 
4569 1553 
9663 7276 
2504 4421 
7435 4343 

6731 2120 
2920 751 
1226 2614 
9170 8079 
9538 3716 
3487 9160 
1494 311 
4599 8051 
1242 3692 

209 8293 
772 7631 
410 1693 
5536 6426 
8969 4392 
847 2757 
8735 7578 
1229 1656 
4681 2456 

622 203 
535 160 
3919 374 
5672 1765 
7037 6624 
9817 8279 
316 6378 
2924 1088 
361 9687 

9134 2249 
6113 8103 
6641 6960 
7212 5376 
890 8442 
3384 5572 
7250 4007 
5775 4137 
519 6047 

4511 2544 
7812 1548 
9168 3981 
6180 9484 
6711 9104 
6924 7072 
8791 6058 
9321 4904 
4162 5962 

8216 7726 
7691 9107 
6168 7427 
1031 3418 
7786 3158 
7555 4658 
9205 2066 
7202 3370 
9967 6370 

3703 6147 
5854 415 
5251 9130 
3839 395 
5189 3161 
1651 5703 
5475 6220 
3429 9518 
1679 9598 

3298 2710 
9368 1084 
5868 6924 
5742 1426 
5342 2944 
1148 5309 
9314 1203 
7808 1520 
1618 9412 

651 1810 
9807 2192 
1323 7810 
4247 3150 
4030 7676 
9021 5709 
3626 2319 
8419 2995 
3403 640 

6271 9146 
8418 7965 
8442 9566 
9627 4109 
769 7435 
1981 8740 
6847 2632 
6902 3006 
1176 8225 

817 5423 
7727 4847 
9452 6748 
557 3078 
9067 5328 
2425 8823 
2320 8696 
4321 738 
3014 2763 

6656 2641 
6872 3778 
6428 8854 
8870 3276 
7838 5772 
2634 5367 
3997 9803 
790 8076 
4651 242 

4825 1560 
9673 3892 
3240 2098 
2715 5561 
7147 7036 
2651 161 
6152 5660 
9154 3024 
9438 5582 

8230 8308 
5210 2421 
4080 7845 
7788 4429 
7648 8578 
2505 8651 
5173 3682 
6563 4846 
3927 9804 

6944 6642 
1717 443 
31 4368 
604 2535 
28 9758 
1911 5818 
1693 142 
4126 6903 
2563 4558 

1100 6703 
5339 5101 
5281 4197 
3752 6806 
7879 316 
1652 1806 
6472 4949 
4801 8189 
5392 1184 

2557 2349 
3719 8938 
8459 5630 
4756 152 
2124 5235 
3408 1039 
6145 4508 
7742 1485 
9609 9376 

2034 9714 
6182 9913 
30 4187 
8072 2854 
9136 9225 
1043 880 
409 9952 
3229 480 
8890 8041 

6110 9999 
8193 4587 
5234 7953 
5626 1379 
2462 3369 
9216 2071 
2745 1250 
1785 5279 
7516 8167 

9466 1940 
1021 4954 
7517 8416 
5835 7926 
8369 5416 
4758 3611 
3457 7220 
3610 8003 
1807 5196 

5956 7434 
2928 8418 
7155 8496 
6842 6252 
6099 4979 
1531 9967 
9499 7350 
1907 520 
2304 9424 

5289 8139 
3702 3658 
3556 8460 
3621 7013 
2032 3584 
5016 3840 
5132 973 
7626 4412 
5743 4781 

2909 2585 
1033 9008 
7565 8916 
5327 7064 
6266 7234 
3936 8571 
3010 5577 
3062 3064 
5587 6618 

7876 9209 
9984 9908 
9145 1352 
100 4277 
8677 7726 
8690 4421 
2507 7951 
3358 9892 
3311 7275 

8809 8638 
4339 5075 
5872 4628 
9998 5234 
205 3061 
8298 2145 
6031 6174 
1354 6015 
2434 499 

7368 2535 
1128 6045 
261 9818 
6818 9121 
7769 177 
5365 7432 
7452 4174 
6070 8144 
5602 8294 

9124 5600 
3528 5681 
5013 8178 
7826 1045 
704 5532 
7060 3139 
2383 780 
5674 3512 
3178 2287 

9682 9996 
7760 3804 
6525 3126 
1236 330 
7300 7307 
4826 9254 
5601 302 
1207 9130 
5983 6220 

7308 162 
7265 4365 
5694 4326 
7504 8078 
5106 9530 
7942 4636 
8169 7624 
985 5930 
1428 7510 

9056 2665 
4192 2708 
6324 9018 
8315 1925 
9320 9522 
7407 1656 
5742 1068 
1818 3008 
5433 3864 

3686 2937 
8294 5144 
8819 6236 
9781 6988 
213 766 
9270 1641 
4628 4678 
658 8821 
3739 6982 

4191 2054 
8908 3512 
1576 2667 
1520 7318 
3735 3338 
6678 9168 
3554 364 
8457 1849 
1861 7276 

4437 1642 
617 4650 
8760 9887 
6292 3388 
4566 3302 
8561 8305 
285 2753 
359 5545 
2617 8287 

8212 4137 
1957 8300 
3827 8636 
7468 3733 
5352 5926 
5582 3565 
9554 20 
5207 171 
4670 319 

59 7314 
3708 977 
617 8621 
9282 7254 
1374 5993 
9151 343 
4280 3715 
832 6237 
2015 4659 

1225 9484 
4745 2930 
1762 327 
6495 1316 
6699 8055 
7840 1370 
8374 7899 
8684 8434 
5228 5653 

7056 4510 
9259 4782 
503 8410 
5126 1135 
2126 5958 
3724 4141 
6970 1302 
9977 1715 
4232 8091 

8394 7079 
9408 5094 
5134 3600 
2816 9861 
7851 7852 
8295 3079 
3506 1703 
7589 2765 
6486 4444 

7528 7964 
1931 9654 
274 5655 
147 3596 
3309 6477 
1663 7541 
4568 6410 
973 328 
1504 6107 

3928 4320 
2320 1779 
2172 616 
4858 2030 
8671 8799 
1148 1509 
3243 8676 
9473 1526 
4682 6100 

3534 4829 
6048 6843 
1306 4064 
737 2227 
474 1710 
2555 8330 
4169 6484 
2650 6490 
4615 1174 

3458 9474 
9557 2129 
4625 705 
3639 4221 
5733 9464 
5747 415 
1916 9281 
1596 7965 
6125 9255 

2029 6862 
1482 8855 
8572 4037 
7185 9093 
6873 9835 
5583 1489 
7361 9041 
7315 3270 
7523 8292 

327 1162 
2513 6060 
6978 8261 
2827 8895 
3894 4424 
3212 6371 
31 1593 
3233 1513 
448 8157 

1902 7633 
7251 5128 
3820 9186 
6617 1181 
4580 284 
4452 2103 
8576 1131 
9617 7442 
7192 6595 

5703 19 
1842 5949 
795 1406 
2321 826 
2999 1906 
8691 3447 
64 594 
1080 3667 
5722 4900 

9205 8691 
2434 3785 
5327 3238 
5888 3903 
4369 5505 
1345 7913 
8453 3400 
4285 295 
5702 5080 

8054 8023 
2259 1053 
9929 950 
4501 6345 
1544 1933 
6364 3618 
3186 5570 
8661 1972 
9355 3988 

1562 5244 
4244 2283 
7101 1941 
197 1906 
5342 4482 
8554 7396 
5914 6608 
5419 8173 
7661 1700 

9124 8514 
8046 7020 
6800 4410 
6991 9986 
9980 5652 
8310 5688 
9641 9872 
7284 3885 
2155 4385 

5826 8704 
2644 7520 
3186 1198 
4916 9101 
7806 6687 
7274 5467 
8388 2750 
3982 6434 
9771 782 

7196 6762 
7120 3529 
2414 5430 
9217 8407 
1654 6501 
2292 3809 
7238 4471 
8866 9882 
1991 2052 

1080 6908 
7505 8886 
9947 1132 
706 8335 
3882 1040 
4769 5 
1822 8318 
3119 5294 
1847 1886 

7076 1064 
293 8730 
3917 2586 
8891 7507 
7057 7757 
7390 5400 
6162 4822 
8660 3667 
61 8608 

4799 767 
6943 5034 
1807 8065 
5039 9981 
6383 8159 
1627 8230 
45 8703 
5646 6690 
3785 5915 

5628 9028 
3422 9037 
3138 812 
4438 9300 
1987 9450 
9319 8400 
8058 4119 
9167 1354 
9153 7326 

9419 544 
3659 2154 
8703 1638 
6736 5100 
6693 8734 
8143 478 
4649 3771 
5858 8071 
2809 8996 

5236 3599 
8296 7223 
3049 3968 
5623 7460 
8087 1142 
8814 3592 
4820 4585 
4136 4831 
3091 9192 

6469 9827 
644 3162 
4913 8787 
9992 9562 
2559 2202 
7633 1720 
1199 9221 
5319 5847 
2796 4720 

9815 4771 
2180 4254 
2265 7346 
7846 7085 
8283 8335 
8268 1374 
7527 4737 
7553 8171 
4251 2466 

3311 595 
8380 5870 
2798 2366 
3942 349 
1587 9261 
6196 4384 
333 2364 
9155 8866 
6618 1421 

6212 817 
4858 4496 
9152 3127 
2222 3031 
4216 9776 
7554 4820 
8594 865 
1767 6975 
3087 917 

5693 7029 
1266 7280 
2642 3815 
1664 2976 
6179 7172 
1842 9149 
4945 4406 
6318 6155 
5254 1822 

9282 7477 
4853 9851 
3605 8760 
1023 8551 
5977 2790 
1878 5417 
3708 7571 
8798 1326 
4852 1441 

1493 2868 
769 4024 
6392 8963 
3174 1337 
3369 9492 
3845 4976 
1315 3127 
2453 2520 
9330 2410 

7632 353 
961 9962 
9496 2840 
5379 3204 
411 4177 
882 1615 
1970 2376 
836 2739 
6400 7228 

8054 5926 
4918 7776 
1771 8763 
2752 9438 
8242 1557 
8310 7573 
3967 5943 
4278 1280 
2257 3774 

4120 7636 
3330 884 
8165 4213 
8851 136 
2941 9687 
9227 5693 
3268 7282 
7972 8186 
1410 9743 

3301 4162 
5533 7895 
2071 3843 
5468 6038 
6138 6099 
7318 8395 
9873 7791 
2383 3204 
5027 549 

3769 3878 
685 3062 
3566 6264 
8755 6834 
3546 6727 
1372 1308 
2822 1025 
5470 8355 
8920 3893 

2199 741 
9931 4689 
6840 3602 
9437 6713 
7745 1820 
6269 2772 
2369 6390 
3002 9406 
9452 6568 

5671 8208 
9754 5569 
1287 7478 
6878 4110 
8503 8700 
2465 3776 
2594 1016 
4517 8877 
2058 1357 

8831 1495 
4422 6576 
3315 692 
5700 5685 
3434 8703 
1443 2887 
1623 7114 
7447 7730 
2684 8734 

5208 5914 
9196 64 
4614 8014 
3840 7208 
9030 4709 
2438 7440 
6066 1269 
8935 6840 
7846 2251 

3884 9898 
4288 7319 
8601 5731 
206 6577 
9198 4005 
4307 1882 
2739 5867 
4148 8288 
2283 8762 

6302 2475 
2323 1684 
7184 4761 
9125 9602 
6030 8060 
6443 228 
6663 327 
127 7303 
3998 5080 

9387 4204 
1657 8585 
4561 2316 
6819 7301 
8184 967 
1941 467 
6081 8243 
2943 8404 
9927 6479 

3165 9052 
6082 5548 
3465 8877 
5776 6480 
9204 2255 
3784 3203 
3688 9523 
3759 5345 
8108 8321 

7662 1279 
1974 2198 
2246 3915 
2665 8327 
2158 1960 
6732 8437 
4792 6249 
3842 874 
1797 3659 

6103 3926 
139 5307 
2533 275 
4862 6221 
9798 4974 
7919 4258 
9647 1933 
5537 1621 
4131 7783 

1888 3148 
2463 398 
1461 5547 
8835 6253 
1796 9029 
3479 9946 
2688 9582 
224 2828 
1241 2757 

9455 2456 
5331 9254 
7430 3250 
3512 7077 
1535 9050 
5050 5666 
3185 6938 
5166 2000 
3688 6627 

7547 2523 
9232 5696 
7905 9063 
5642 593 
4997 2218 
9773 2591 
1327 9229 
5047 6658 
4835 8829 

6260 4699 
2258 7795 
101 3660 
9813 3287 
6950 4980 
5287 638 
7959 9187 
9513 3544 
4883 7418 

2607 6877 
8012 3957 
9095 4137 
6548 422 
3366 1595 
3433 4553 
6776 9693 
9253 9034 
3841 5706 

9046 6 
8993 5996 
1338 633 
6634 5650 
6172 2499 
9194 1055 
9918 8153 
7932 4282 
2110 3379 

8419 8658 
153 8138 
6605 3586 
9043 3381 
9632 8296 
8767 9825 
4003 7813 
9831 9348 
161 1170 

6333 6795 
6820 2505 
5647 2366 
9912 5565 
519 4196 
6199 2630 
3927 4618 
7640 4081 
9108 4246 

7667 8152 
7627 3651 
2800 2747 
3476 3155 
6912 9660 
8856 7074 
7182 1541 
221 354 
399 5868 

2720 6663 
7785 3239 
860 3984 
2221 4787 
4955 9862 
5220 4063 
4108 9240 
8567 8087 
2891 7720 

7186 2720 
7227 4099 
2380 2435 
7525 5914 
329 7746 
6268 728 
3615 8988 
7391 1400 
8579 4603 

1737 7153 
5743 6692 
7015 963 
7107 7475 
203 2027 
1914 9447 
9747 9101 
2167 3326 
9552 899 

2114 7077 
6813 2443 
4823 9433 
3171 4790 
4773 6914 
2543 3352 
7870 4280 
505 3613 
7324 3872 

928 4431 
7699 1132 
6458 9614 
6931 2557 
5067 9098 
2236 4619 
6349 4350 
1696 9514 
6793 2871 

8947 6316 
4014 3720 
3230 2909 
3424 7452 
3541 282 
1065 865 
506 8346 
1648 8206 
5830 8107 

7820 2761 
7016 2887 
8211 9252 
3858 4560 
9954 5554 
426 6747 
4777 9373 
9415 5143 
9445 8998 

8052 9221 
6450 7945 
5855 3868 
8810 6362 
2214 459 
4568 8044 
4918 8740 
805 1934 
7979 9016 

7539 1837 
9928 3845 
3743 354 
593 8520 
6079 6360 
16 1876 
5358 4420 
7449 1809 
2366 3305 

2029 1176 
6019 4243 
7987 587 
8639 9257 
5679 9444 
7544 3658 
4812 5083 
5495 1092 
8928 5590 

1446 5873 
462 7525 
2234 478 
5753 3944 
4899 3202 
2105 3617 
6507 4134 
4793 2526 
4729 9133 

9465 3368 
8390 1496 
9164 5934 
5154 328 
7369 7001 
1420 2650 
2591 2866 
8523 3054 
6743 7109 

9884 2496 
7406 4783 
2051 9511 
8400 4910 
3646 9546 
3789 8375 
5031 9606 
8096 9773 
1103 7260 

5708 2609 
7589 9429 
9611 9009 
2079 8554 
8228 6955 
7960 4971 
416 7845 
3820 7822 
8980 5871 

7334 3733 
7133 7332 
9631 922 
2059 4662 
529 155 
4435 7984 
7416 6495 
593 1357 
2277 204 

6718 4356 
5111 4946 
7663 3071 
9918 8080 
7268 90 
5902 6249 
2313 9588 
9982 9446 
6920 5965 

6721 5332 
627 7250 
5487 1414 
5234 9255 
4262 5827 
612 6539 
2384 7331 
895 3847 
8629 8559 

3270 4899 
2991 539 
4989 5245 
6788 7302 
4834 3122 
3101 8106 
9087 9822 
3438 6066 
3424 5278 

7480 5010 
4533 8094 
837 1498 
4633 9573 
5181 1881 
9772 3810 
6792 3043 
8710 9783 
3582 51 

5028 6722 
3706 6214 
9844 6807 
673 5283 
2981 4111 
1349 6405 
5741 5181 
1415 275 
9628 8604 

8125 4261 
4530 3306 
2494 4302 
3468 9286 
7345 8530 
5421 7279 
8582 450 
4001 2288 
3016 3845 

9095 3689 
5480 2076 
4153 3181 
4833 9894 
8363 6248 
6521 7991 
1204 4646 
8604 5734 
4304 1099 

6389 7773 
385 3734 
6303 2159 
1014 1237 
8961 5015 
3525 1977 
5213 8972 
2019 7045 
7400 6172 

227 2233 
6066 8590 
4833 8940 
2933 6038 
3586 7889 
8124 7891 
8988 4513 
2016 5726 
4600 8319 

7885 1966 
5909 6846 
3333 9434 
5175 8546 
4759 7194 
1944 2159 
9718 2171 
745 2137 
7113 5578 

1077 46 
7968 4663 
7935 6093 
8906 3276 
6958 922 
9002 1558 
5594 3239 
3524 1503 
6437 6858 

7289 1612 
1756 2048 
5159 3700 
4208 4877 
5871 4953 
7014 2984 
6883 8091 
9382 4852 
2755 3670 

7297 8013 
3298 4255 
8936 8652 
2166 882 
1891 5690 
2385 4680 
8900 9674 
6292 657 
8075 1451 

709 2283 
6329 6581 
3588 9695 
5917 471 
7787 1652 
1675 6894 
1674 8972 
4907 4972 
9580 195 

3624 1746 
1077 1867 
3788 9814 
6547 2689 
5841 2839 
9698 3916 
643 407 
2551 3324 
3340 6139 

3019 9258 
2962 7158 
7262 4638 
4052 8936 
9962 5312 
3908 5894 
1859 3884 
3992 9289 
5751 7781 

9103 2298 
6822 1296 
1489 2872 
1564 8484 
3279 467 
8160 6620 
2958 7532 
2230 5921 
4690 5844 

6911 5095 
4780 3225 
6759 5040 
9120 8618 
8924 9464 
7907 1027 
7245 3363 
3325 419 
1011 1166 

3291 2576 
9651 2923 
9395 4163 
9543 2354 
1695 8125 
4627 6386 
321 1538 
1481 5101 
1115 8240 

6493 6587 
3210 1769 
6052 1118 
2796 9649 
833 2473 
69 1844 
9991 9712 
772 5994 
2635 168 

158 8530 
8874 1853 
3007 3501 
8239 3328 
1391 6072 
4781 2506 
664 1274 
5446 3875 
3043 1498 

1345 2191 
7499 2178 
4664 3920 
374 1008 
3633 1147 
7002 2620 
7667 7160 
1151 6541 
9014 510 

6394 3605 
3839 7785 
6030 8620 
6643 6694 
6247 2089 
6921 5642 
9939 8266 
7834 7439 
6796 8850 

7711 7171 
9858 1344 
4670 6861 
3965 2337 
373 1468 
8878 9387 
1978 5272 
9345 2169 
9409 5375 

790 6052 
8421 3389 
4494 5343 
9031 785 
9961 6865 
4576 6758 
2068 2288 
281 1926 
3632 4951 

5139 3949 
7288 1865 
1769 2518 
7604 100 
4142 6949 
2269 3551 
8676 9411 
5955 7098 
2800 6801 

8793 1832 
7587 5106 
5049 2163 
8216 7117 
4451 8497 
5396 4436 
9800 6887 
4737 7088 
8752 2859 

5958 6357 
2959 6452 
3306 1580 
6355 8335 
992 2311 
5433 144 
5464 578 
8328 9403 
2036 3378 

7919 253 
6847 8722 
5102 2243 
3158 4903 
9131 4248 
8343 4235 
7107 4302 
592 6418 
754 251 

7998 7110 
8586 5342 
5773 371 
5487 7589 
949 3815 
6993 2985 
3545 4912 
9590 393 
3634 4693 

2636 3145 
9596 8119 
3745 7939 
2355 7204 
8593 9299 
3622 9348 
9550 7972 
2810 8136 
3315 4935 

8507 5154 
2524 5808 
5321 5869 
5146 8867 
7133 4736 
9260 7120 
9429 8248 
6617 5377 
2720 362 

3317 1427 
7566 1910 
726 7540 
7610 277 
5512 6772 
8413 5179 
1707 3273 
333 584 
9081 5655 

6453 4227 
874 9939 
8964 134 
7059 4745 
4734 3676 
123 3806 
390 9792 
5233 7956 
1702 5960 

1848 5665 
2589 7360 
2437 1002 
2540 497 
4275 9225 
7433 9709 
1232 238 
3936 2106 
177 9252 

8592 7236 
350 3327 
7264 473 
3485 7654 
265 8719 
5610 8319 
1031 3810 
336 3620 
1171 9126 

4622 63 
5975 5250 
5640 3408 
4959 6873 
3646 5247 
8979 3824 
852 7572 
1060 1202 
7251 8325 

8027 736 
5979 8292 
5807 7942 
2963 6838 
1752 9652 
458 9275 
8778 1433 
5690 4753 
3035 1331 

4513 4346 
4556 8159 
5945 3535 
1983 6797 
7459 9396 
7999 1062 
4073 6026 
8151 6404 
670 3958 

698 9986 
7149 8803 
5990 3959 
4430 4768 
1744 6473 
5873 4779 
7804 386 
9125 8712 
4897 5071 

8599 6881 
8220 6059 
2629 2572 
3473 6702 
8598 1624 
9458 5621 
1935 157 
1959 5436 
5312 7949 

9395 9742 
9069 7492 
6215 1294 
2271 371 
1680 7749 
9083 6577 
9172 7683 
9810 7392 
94 8791 

9964 9919 
5493 4915 
7896 1304 
6888 6183 
7813 8847 
1619 3125 
6796 7366 
2867 5865 
4858 5435 

3511 3482 
2158 5191 
1231 1242 
8120 6755 
5277 4283 
499 1723 
3074 464 
1642 4920 
1731 9538 

6224 8619 
5721 389 
3818 3692 
3514 614 
1059 2733 
2831 2269 
4520 6342 
5751 6679 
7885 3334 

7921 2357 
89 9550 
2992 589 
1273 6067 
7405 9267 
7339 5488 
5158 9915 
4107 879 
304 4277 

924 170 
1243 8335 
2903 426 
604 7424 
3120 2708 
4103 1005 
6042 8376 
9714 2484 
4278 2707 

3073 1903 
5126 6830 
1170 8817 
2318 6328 
5084 2777 
3560 5388 
7054 836 
5558 4649 
9171 4813 

5075 6127 
2237 8195 
8835 2692 
5552 1230 
7420 5266 
66 1698 
4325 3139 
9953 5803 
6321 1124 

972 4991 
3804 6056 
7768 3716 
1444 1174 
4552 3354 
2175 75 
8168 7250 
6203 6757 
5445 1390 

5802 7349 
8972 9574 
8967 9038 
7625 9645 
8529 7578 
5448 4850 
8702 2773 
9841 8859 
8829 3961 

2575 6626 
1487 3480 
6332 3662 
3555 852 
7264 6110 
3962 9061 
7501 9764 
6410 6473 
5690 5378 

5512 3315 
5023 4041 
894 6823 
5244 5948 
5948 5085 
4807 4778 
5399 3735 
7756 3238 
7215 4088 

3253 7122 
1293 517 
3233 5255 
9579 734 
1371 2341 
7207 7061 
7719 9071 
377 9094 
3113 7623 

2270 8357 
3571 8218 
9794 8379 
9348 1545 
2114 7104 
4784 5681 
7545 4389 
2803 5190 
4906 6036 

445 837 
6770 8168 
3179 330 
5229 7250 
5753 1958 
6345 8866 
9581 4967 
3575 3153 
3185 9722 

7884 2534 
1267 9998 
5990 2403 
2031 9887 
6792 4834 
5077 8051 
871 1874 
8888 3993 
42 8419 

675 5272 
2022 6429 
3582 4719 
1647 9516 
9686 5223 
2669 2871 
1297 6905 
1757 8916 
3255 4100 

1320 5286 
3987 4464 
120 5417 
8867 7343 
7291 4108 
1337 7334 
2527 2012 
8958 4549 
8441 2540 

9268 6441 
2056 8954 
1664 1077 
8178 2961 
7982 6287 
8229 1237 
387 9549 
2875 727 
366 2996 

6144 9233 
339 3435 
3341 8028 
769 2221 
41 9727 
6770 4834 
8620 2391 
1275 7028 
7697 9291 

4458 5875 
8604 8792 
8515 6834 
6382 5254 
2735 9257 
5981 3101 
2253 8477 
8687 8945 
1913 2028 

6973 9034 
4249 3366 
5114 7372 
4553 3734 
9763 2180 
7114 3812 
7824 1572 
6040 6428 
6717 4555 

9614 3099 
9809 8702 
2356 2143 
8155 962 
620 6842 
6259 2533 
5223 3232 
7920 5824 
2951 3034 

9548 3856 
3120 5663 
6036 234 
9476 3860 
8159 5516 
6641 4876 
71 2607 
4327 6232 
1309 3035 

8375 9465 
3997 8996 
2659 256 
7881 4234 
9841 5801 
59 9144 
8835 9607 
3000 8307 
1623 5388 

8542 1099 
5601 3053 
6615 8594 
4281 3038 
1201 8608 
9270 8863 
1643 3998 
4680 5641 
9346 3691 

2249 7227 
7926 8442 
9381 4337 
7586 4568 
296 6938 
2876 1919 
2327 7770 
3018 4280 
823 9633 

2874 5104 
9023 427 
3712 8294 
9290 1707 
2292 322 
3700 1638 
4014 2302 
5217 1940 
744 950 

6277 4683 
5519 6573 
7973 4747 
8493 300 
2517 7863 
4580 9692 
3849 3806 
4796 2872 
4234 4860 

1166 3524 
2919 9810 
3847 6620 
7800 4213 
8922 9370 
6153 9666 
320 8782 
701 2191 
1707 8675 

6938 6552 
5327 9455 
4416 6260 
5499 8265 
66 6647 
1137 4300 
1507 8656 
4177 779 
4818 4376 

7399 8971 
8589 6321 
8341 1094 
2339 5013 
6228 9393 
7205 7935 
8068 4143 
840 3395 
9951 5256 

6007 5450 
9873 6074 
2098 7362 
6726 9957 
6018 7255 
7088 7189 
1631 4487 
6160 6572 
7160 4501 

4018 9500 
5866 6598 
8893 3071 
886 3313 
3567 1726 
3060 9870 
3334 9068 
1672 3207 
1494 122 

569 8220 
6432 2940 
5476 3520 
129 3459 
8008 2641 
6384 5168 
3494 402 
1020 9360 
3353 6265 

2432 4239 
5930 2351 
5965 8991 
2221 9299 
4411 3893 
8858 5905 
368 9427 
4125 6800 
8719 5953 

320 5200 
9413 4680 
4193 2149 
9849 7687 
8903 7221 
7048 2256 
9839 5832 
6495 5769 
4535 2460 

4760 6756 
8111 9171 
7001 6969 
5076 7369 
2749 5554 
521 1468 
7859 842 
3021 7272 
5522 7214 

5773 1723 
4902 4677 
8945 8302 
6933 5136 
486 3429 
905 5021 
2241 2018 
8129 353 
1189 5130 

7322 2618 
8852 71 
4524 5725 
7892 2383 
6567 7265 
6008 8442 
4479 1781 
165 5733 
6458 5462 

387 9744 
598 873 
3173 7856 
2246 1766 
9874 375 
2119 1063 
1858 5794 
33 7062 
5865 909 

2787 109 
3293 9355 
3726 9301 
4149 8206 
7434 4314 
291 245 
6129 7031 
9989 3079 
7904 9514 

935 151 
1280 809 
6878 9752 
8225 8736 
5546 4610 
5798 7763 
5520 8586 
7873 5165 
4293 7951 

4466 8442 
2509 8252 
9108 2801 
8497 1589 
9832 4838 
4669 4088 
704 1956 
591 1985 
9118 7470 

1737 7343 
2558 3635 
8305 8357 
1398 3825 
3295 5623 
8990 3940 
3575 9808 
2382 6084 
4413 7842 

5237 9262 
5784 1421 
4101 6805 
5510 4805 
8761 2453 
3142 7879 
6275 1231 
1574 8834 
4866 6232 

3543 6265 
57 6838 
8240 5400 
778 1815 
1560 9512 
7900 5973 
3706 3137 
5236 9490 
4559 5689 

6295 6421 
6846 1409 
5226 6341 
5640 1502 
7572 7215 
336 8791 
3447 3879 
1408 9856 
7069 9648 

1608 7847 
1464 3169 
3711 5716 
5494 7417 
5205 7082 
6908 6116 
9123 9555 
2537 5970 
964 4116 

2311 6605 
5618 6235 
172 2306 
1378 9971 
6185 2786 
6179 3254 
8787 7788 
7453 6603 
7309 7516 

2319 9155 
4933 3876 
6238 8193 
9993 1713 
7749 8882 
7683 5065 
2998 6346 
1670 8616 
8934 1842 

922 312 
1813 3459 
9451 4345 
3065 8238 
2133 6870 
4841 5794 
4386 3512 
4949 5672 
7388 7539 

3865 7381 
9253 7966 
2616 3288 
3032 1966 
9635 4702 
583 4921 
2897 7857 
5233 1062 
7669 1036 

5407 7086 
9274 3892 
3957 4115 
9686 4695 
7627 988 
367 1368 
8527 585 
5101 7780 
8551 7717 

1069 1583 
9684 7056 
2638 6619 
1977 1887 
828 3562 
9301 4849 
4599 4709 
1936 225 
4953 2245 

4341 4640 
6940 8320 
5628 7308 
9688 507 
7893 4790 
4640 2796 
8859 5709 
732 4895 
9117 3370 

1514 7446 
1609 8695 
7360 910 
3544 8311 
1971 1832 
8537 6925 
4077 9230 
7917 1018 
7550 9897 

4678 3591 
404 8923 
8381 5044 
1719 3592 
7105 8803 
8488 2574 
2173 2 
6372 134 
5049 3733 

1045 8594 
8396 9368 
426 6933 
2645 856 
6163 562 
8226 66 
6811 2904 
3657 7216 
8179 8390 

8612 6250 
1982 2070 
5054 6822 
996 3579 
6825 7369 
3714 8226 
1102 1111 
3172 5850 
6831 3599 

2784 9477 
807 5299 
6391 9033 
1717 3203 
1937 5374 
6771 6468 
116 1735 
2718 8451 
3805 4124 

5273 4802 
7704 8450 
8523 7770 
6677 5977 
8881 9849 
1827 5712 
9800 4611 
1541 607 
6263 7933 

9640 7980 
1136 7929 
9707 4259 
4397 6175 
5994 3468 
4626 6152 
7592 9900 
7306 5296 
4702 5829 

3066 1379 
1806 8299 
7581 3633 
364 3733 
4597 1905 
4341 860 
9838 333 
5192 7326 
8263 4899 

1585 9012 
1075 7580 
2480 2053 
3732 6425 
8305 7390 
1721 3008 
3219 1140 
739 5025 
5791 4672 

5010 6155 
8406 9607 
8061 9099 
6819 4251 
9432 2012 
1578 4047 
3263 9515 
9412 690 
7095 8244 

9096 7179 
4669 7401 
921 2743 
6761 4140 
3883 7501 
5517 6026 
8525 528 
2182 6931 
135 6595 

6030 3307 
846 1815 
1671 8776 
5862 4934 
8292 5274 
1977 1739 
3519 1073 
5271 4540 
4826 6192 

7283 1588 
333 7518 
9089 2202 
3545 7614 
2730 2079 
898 9218 
8674 3280 
2525 5872 
5095 4196 

4649 7310 
5482 9293 
8936 7459 
1032 8807 
4884 2655 
3348 9711 
8848 6983 
1299 5533 
4502 6740 

7735 4399 
706 6818 
6478 1604 
6036 5152 
1237 8561 
1024 6332 
9109 2025 
9994 4591 
1318 8931 

8403 2351 
4090 3287 
1358 3790 
9350 6558 
774 649 
2091 5276 
7389 6179 
9675 4448 
2997 6153 

2404 5385 
7657 3641 
3946 8681 
6326 9407 
707 6320 
3998 2025 
1603 2401 
728 5694 
2041 2087 

9484 1391 
8645 258 
8393 7089 
1886 2134 
9620 7913 
6582 8969 
4066 8987 
4354 8075 
2628 4652 

6757 5306 
4059 3816 
1627 8057 
2193 3230 
6811 9274 
5276 5204 
7713 1113 
2947 2710 
1371 1340 

6151 9610 
3475 5771 
7523 57 
4740 7942 
5396 5446 
6017 4377 
98 9126 
9683 4157 
9294 7662 

8567 1488 
7245 1730 
7114 2521 
6934 4827 
3634 9881 
7537 1358 
7574 3689 
968 1049 
5812 4843 

7458 6905 
2785 9207 
2351 5155 
3584 8802 
4281 9619 
2959 3576 
7282 7878 
1416 4527 
9608 8530 

3400 2894 
9709 7035 
9128 3598 
4745 3054 
3639 2065 
4103 9452 
6908 7913 
2709 6046 
7120 5060 

1201 7056 
3862 5482 
6676 3174 
5410 3958 
7404 3178 
4837 3365 
1708 8237 
2611 7769 
1624 8091 

1368 6369 
1145 1359 
4786 1600 
7163 1695 
9514 9872 
7741 2986 
1285 5294 
43 1499 
7128 6719 

1025 2539 
7029 8430 
5717 1866 
1795 3778 
103 4406 
1547 8080 
2498 9267 
4449 9995 
6979 9236 

1596 4142 
7283 1110 
4015 1376 
448 1652 
6670 491 
3151 3798 
3562 4177 
2689 591 
8959 8407 

8809 7106 
8537 8913 
1512 6436 
3345 362 
2056 7794 
6710 9035 
3382 8306 
3177 7017 
5768 3544 

8393 6216 
5196 1415 
6708 4700 
5214 270 
5229 7903 
7214 4188 
2662 6023 
1294 1199 
1288 9158 

3988 4633 
5873 6044 
8780 2583 
5079 2162 
889 4608 
5532 3009 
8153 3925 
9225 9701 
5341 2285 

753 6907 
8908 5982 
1162 6122 
6522 177 
2145 7816 
7728 9786 
3327 1716 
4419 9200 
7760 3199 

8135 2839 
1714 5376 
3800 7246 
8385 1953 
7523 3962 
8006 9216 
6248 8760 
2475 5156 
1094 3638 

1278 7617 
3815 9775 
1785 7895 
9561 1464 
9612 333 
664 7372 
9884 5151 
6564 7950 
527 6716 

1548 5264 
8669 9072 
9227 3027 
4640 1827 
8139 7116 
6983 9234 
754 4613 
3203 921 
740 1340 

8816 302 
2805 4780 
6987 9821 
8505 6871 
4973 1421 
4822 1852 
8137 6370 
3469 3158 
1794 9048 

6185 6435 
875 677 
3551 4210 
6263 657 
8823 9466 
7930 9563 
7158 3098 
6217 9963 
7879 3204 

9785 6384 
6428 1110 
4157 1250 
2962 2294 
3972 6431 
5452 5767 
5479 7989 
8554 2706 
8666 2105 

6916 4929 
9114 5739 
747 7044 
1655 7906 
142 4224 
7869 4373 
3781 4006 
757 209 
5116 4914 

7811 4431 
3560 1783 
7214 5364 
3902 2694 
3354 2456 
1752 8372 
913 8669 
9654 27 
760 401 

3423 8767 
4659 9918 
2992 8881 
4291 6773 
9239 1401 
3334 4356 
2667 1145 
8787 6228 
2928 2353 

1592 3183 
1399 1298 
5639 3152 
9671 6553 
1821 9325 
2932 8933 
6078 6356 
7701 7090 
6274 693 

5971 6917 
3818 5210 
8318 7152 
5918 986 
8297 1057 
3566 7577 
3411 5158 
760 4810 
6457 2752 

7962 2480 
9305 6135 
8157 8589 
5069 587 
1297 2770 
7677 3923 
9815 3648 
841 3633 
5211 9159 

7137 1129 
6497 1786 
8539 63 
9363 1950 
1574 6476 
6760 4383 
9228 1075 
6863 4885 
7210 1372 

9826 8631 
1959 1124 
1401 9637 
5047 1216 
9637 2240 
1201 1200 
7752 8338 
2330 601 
6476 869 

665 2192 
9171 8591 
8668 2283 
2974 4248 
3358 6189 
5485 6921 
7561 5311 
5552 5872 
2787 3306 

5509 4187 
4522 1499 
6427 2076 
2699 531 
414 1381 
1133 6891 
2250 1798 
9083 7773 
6741 4103 

57 9715 
4703 9767 
5904 188 
6688 9817 
1851 8593 
5689 4639 
1899 1199 
8826 2773 
9050 1605 

4849 1749 
2137 1616 
3131 3270 
4859 1733 
1420 294 
9507 8161 
4397 9564 
4228 5452 
5683 132 

5640 2372 
9949 7491 
7317 1990 
8482 9216 
3189 3660 
1989 8591 
5266 3191 
341 7403 
4807 3472 

7025 9666 
1557 4797 
9960 1064 
2958 709 
6980 3538 
6161 2664 
3670 8153 
1388 9971 
1996 8705 

1961 479 
4273 1503 
4139 2614 
94 9405 
5805 6787 
3160 6964 
6611 6537 
6630 8169 
1334 2942 

5585 644 
3 8918 
4182 6164 
7934 4204 
4317 9322 
527 6314 
4379 2489 
3145 5004 
344 3636 

7618 6790 
3042 3424 
3578 2554 
388 189 
5444 3371 
4710 3130 
2665 296 
3775 2669 
9214 4309 

8833 7148 
4866 9503 
2822 5393 
2169 3553 
4234 1666 
8557 4578 
5302 6175 
1369 4696 
5951 1299 

7251 2692 
1488 9047 
2415 6199 
2177 5080 
2847 2304 
7749 8413 
2966 2935 
5561 7832 
8790 4735 

3225 7311 
8288 3812 
8977 3197 
8390 4279 
5724 6111 
8976 1676 
3762 2579 
720 5251 
7978 9487 

7802 155 
919 7001 
2460 8669 
5414 5426 
7956 7327 
9610 3098 
8414 9187 
409 6702 
2999 9386 

9899 7742 
17 1975 
3853 5345 
3651 3968 
4276 723 
9219 2254 
6562 3373 
2410 7482 
6726 1222 

2503 2140 
3000 459 
5819 2610 
9909 4233 
1797 318 
7287 4797 
6056 3538 
2539 2425 
5513 2744 

7771 5517 
6712 8399 
6240 2283 
654 2803 
2008 9416 
6637 5086 
638 9140 
7226 3638 
9599 9397 

2600 9508 
3630 4397 
6178 917 
5546 8586 
807 4437 
1011 6321 
3534 8782 
1838 6598 
7182 4430 

5234 4188 
3585 3594 
3604 222 
8681 4242 
9362 2259 
4232 5313 
1657 6832 
1173 1639 
7581 7351 

8909 3128 
5937 9716 
7565 3301 
6037 7451 
2083 7875 
4050 5617 
2306 9284 
6157 2243 
2878 9761 

2466 1559 
355 1828 
3819 4587 
3494 1828 
7771 4667 
3467 5353 
8371 2376 
4833 660 
8445 2398 

3961 4482 
6202 2397 
8710 252 
4366 1016 
5888 524 
9611 8766 
6637 2077 
6678 6993 
258 6849 

7932 104 
8677 5704 
4771 8496 
7409 9494 
7225 2242 
6507 5670 
992 6820 
152 7194 
5569 8862 

7446 9936 
6230 3334 
6812 5842 
8453 3449 
4271 5131 
442 881 
8332 8375 
985 7009 
431 2109 

1857 7840 
1603 9082 
82 4462 
1104 1074 
1283 1257 
4621 6852 
6471 2067 
3140 9054 
1754 9952 

1248 207 
9754 5519 
1690 6548 
6401 22 
1275 7386 
3383 1706 
9495 5240 
5898 7451 
675 5980 

8265 1779 
3407 9548 
9388 8028 
2753 5860 
6447 5893 
4914 4553 
2198 2514 
1112 1952 
8033 2802 

4852 786 
9176 6128 
4525 2559 
4186 372 
4152 85 
4175 4827 
2417 2441 
2958 5824 
1989 2347 

204 1094 
8207 3004 
6988 9473 
7557 5538 
1987 8670 
3842 6372 
7824 8694 
3511 7001 
1174 8036 

5912 5361 
8408 64 
5446 8936 
1243 4215 
1377 4202 
40 9718 
6549 6596 
813 1108 
9600 7801 

6933 7158 
3339 5272 
2180 3533 
7996 4 
2227 1507 
7005 3402 
9543 2918 
8763 4304 
9334 561 

3240 578 
4776 969 
4780 1168 
687 7681 
4117 1500 
5141 3717 
5653 2074 
7227 5344 
3698 9407 

8877 1694 
9412 1105 
3202 2769 
859 9097 
5687 5974 
9753 5022 
6535 9345 
1952 7663 
314 3084 

5184 1002 
765 9301 
2502 5906 
9370 8156 
4332 2950 
3500 8030 
8709 2378 
9724 8121 
9835 9278 

7243 694 
8376 2930 
6668 8129 
4304 9555 
7475 6256 
3570 4141 
5692 8754 
5143 6457 
4407 7646 

8715 130 
2154 9399 
3080 2006 
7429 1789 
736 3506 
6263 571 
2784 3506 
1265 7512 
2788 4285 

1994 3445 
192 5821 
6053 3763 
9962 1746 
2517 5106 
8203 3277 
9104 3271 
3407 7610 
2670 2839 

9616 6452 
4628 353 
9958 7243 
924 9094 
749 8542 
6607 9890 
9179 4953 
3335 9372 
774 9388 

3135 736 
7486 2004 
2194 5690 
1633 1298 
5313 5040 
8908 7983 
4231 4877 
4435 5212 
5230 745 

2455 2506 
9840 9557 
7400 2799 
9447 2932 
7752 9134 
2304 8526 
4874 1791 
5614 2361 
147 7809 

4403 1781 
5459 9716 
3173 720 
4051 7405 
5597 8487 
2617 7179 
9232 5072 
6037 5424 
981 3438 

8223 428 
2722 2327 
5914 5026 
7205 789 
3169 2820 
3150 3316 
6981 7553 
5097 2440 
3621 8271 

9512 7672 
5676 5109 
2511 4645 
8640 1744 
6069 4678 
3520 7051 
4468 8096 
7479 7190 
423 3394 

8568 7629 
535 1737 
6801 3685 
5053 3782 
7590 151 
2574 1211 
8422 2087 
8883 450 
3548 1395 

1447 2189 
9491 7516 
3219 3011 
4567 7687 
1107 8399 
1229 7883 
1793 9797 
5512 2328 
7886 8665 

2365 2939 
8799 9955 
3090 1373 
1166 7864 
9812 6401 
4666 9713 
7796 6113 
8254 7287 
3630 1473 

6651 8197 
5512 4110 
2948 3093 
8345 4741 
9242 209 
3421 7128 
8874 2138 
67 7673 
2093 9510 

5399 9611 
3726 1563 
6013 8393 
1276 3809 
858 5882 
7449 840 
7355 452 
5390 9219 
914 8338 

8664 9260 
9432 7906 
9469 2853 
5034 4696 
1344 5102 
2369 3437 
964 4120 
3049 4690 
5684 9062 

9435 3312 
9223 294 
9195 3024 
1134 2902 
3476 2876 
8474 4391 
1215 7138 
3 647 
5045 9472 

9852 79 
4168 1196 
1533 2890 
986 2497 
7010 4035 
7188 9046 
9449 6623 
2359 8672 
3269 1554 

1697 756 
4456 1525 
3632 2930 
2268 1199 
6421 2271 
1846 1466 
1744 8051 
7897 2264 
9247 9431 

5154 6585 
1928 8517 
620 5468 
7563 6421 
8444 9922 
1446 1713 
7828 9495 
2469 8637 
1020 2454 

7919 3289 
3653 4340 
5560 1852 
5806 3656 
9903 3704 
5921 5502 
9487 7427 
2088 1415 
5944 9060 

3236 9860 
5482 1680 
9782 6928 
3393 3963 
6423 2215 
2600 3795 
4669 519 
7084 4674 
4860 8997 

6526 7018 
2653 2781 
7074 4926 
8284 6561 
2354 6724 
4329 8298 
2136 7565 
8158 7618 
9245 4293 

898 2638 
8256 3673 
1205 7208 
3821 5874 
7727 905 
6901 8939 
6254 3427 
5958 8908 
6209 3032 

3834 845 
9594 6188 
3921 275 
839 6057 
7840 5349 
28 7085 
5994 926 
6075 602 
952 7281 

7810 4773 
9507 5538 
2030 6408 
4477 8285 
6188 6787 
3545 8749 
9820 3731 
5946 5766 
6272 9867 

6041 3463 
2276 233 
8812 2304 
3670 1159 
9583 9745 
1761 6887 
3378 5924 
1660 9238 
7814 42 

5646 2291 
4679 8186 
5431 8224 
3287 1603 
8308 9233 
3721 4580 
5452 6114 
8043 7729 
6347 3207 

6385 17 
4366 5968 
9762 2480 
2855 9493 
8404 867 
8731 6218 
7262 729 
4861 1941 
8916 292 

6518 2203 
8247 4826 
7789 1968 
9406 3241 
8082 7449 
7322 4429 
7008 3708 
4446 1375 
9676 561 

207 8884 
54 8611 
9751 5137 
1181 7013 
5866 2394 
5307 1134 
9039 1825 
9690 7286 
3003 7479 

9255 8761 
7072 7337 
2562 4395 
1767 9570 
4455 2565 
7297 4131 
9478 7504 
9367 5884 
2467 5471 

1021 3648 
8836 6888 
6043 4143 
8022 1434 
2320 7712 
8720 1675 
1543 7975 
436 8616 
1665 2998 

9363 9784 
8921 3818 
2349 6218 
4301 1828 
3723 3669 
4064 6190 
9140 5086 
6191 7976 
8326 8586 

8472 6348 
20 7144 
413 8740 
8820 8308 
3068 5608 
6924 4733 
4959 6287 
4517 3880 
6457 3218 

98 759 
1398 173 
780 5463 
2716 9920 
549 8907 
4248 8875 
7493 9072 
1575 7513 
6217 8340 

2605 5037 
6649 2025 
6997 9925 
3110 1956 
2565 7627 
5836 9022 
7198 2287 
6133 8596 
8812 6913 

411 1528 
6833 960 
435 7434 
6187 4280 
6506 4115 
8145 9075 
2455 7103 
464 5456 
9128 7462 

5382 2239 
9418 4299 
6218 5255 
3321 3416 
3894 9455 
8365 2706 
2720 8776 
4235 9554 
6089 1022 

3340 8628 
5303 6198 
2743 9800 
5274 1551 
6903 5738 
7007 6032 
3200 8741 
4623 8971 
3040 841 

578 2714 
610 4472 
8521 5327 
3530 1241 
4103 4117 
7147 6544 
5140 487 
5173 6795 
3038 4268 

6595 8312 
5819 9851 
402 9179 
2235 9955 
7920 6858 
8926 7313 
4051 5856 
27 1013 
6680 4900 

6340 210 
6141 6796 
4328 3289 
9692 5820 
128 4865 
2615 3166 
5486 5562 
7830 1305 
1765 4585 

6836 4000 
4540 4757 
7210 9818 
8422 1262 
5674 4801 
2275 2354 
9701 4968 
8916 2194 
1764 3244 

1835 1456 
9064 1964 
2674 8031 
1482 8160 
9946 5665 
5817 1711 
250 2654 
5712 1142 
3763 2922 

960 2185 
536 2986 
3338 9164 
5340 3039 
4132 4256 
1585 2248 
3853 3421 
3704 9269 
1737 2730 

3653 3219 
7242 3599 
5236 3060 
1662 5486 
5714 3726 
6628 5829 
3001 3940 
4366 3537 
6926 7704 

2701 8618 
7095 3185 
9227 8680 
5433 9432 
2101 5490 
8701 3838 
8220 8706 
3410 5463 
8657 8646 

4875 320 
485 589 
398 3465 
6418 3399 
3758 784 
3289 684 
4840 2342 
5655 1935 
5528 4882 

6967 961 
4314 9069 
6451 9367 
9259 1024 
8074 9021 
2839 3083 
4020 7714 
3403 857 
4655 154 

674 7425 
3553 4432 
8209 6842 
1469 9401 
9185 7124 
7688 1065 
8358 4655 
8378 2672 
76 1182 

8391 9336 
2206 2817 
4709 5045 
5901 8729 
9111 9304 
9586 3766 
5810 261 
1191 9364 
1045 5752 

2558 2514 
5153 8095 
9638 2841 
9160 4348 
3848 7539 
7020 3925 
8721 1764 
9613 7279 
4581 4322 

8676 482 
9404 7787 
6139 5342 
7905 1949 
5603 9096 
1313 3001 
4848 224 
5515 6353 
8319 1506 

5546 3832 
5854 9394 
7723 9227 
3319 2796 
991 2932 
75 5572 
3607 5103 
2407 3011 
2890 8546 

8353 7147 
495 309 
6243 8161 
3310 7443 
4737 5177 
3796 9408 
6683 9342 
3240 8890 
5088 7315 

4469 8408 
111 1812 
7692 6538 
3736 1299 
1641 6143 
4310 883 
4689 2664 
8030 1537 
9325 4273 

9698 2635 
8068 4435 
7812 1864 
195 848 
7558 3436 
6090 8999 
751 559 
7407 7215 
2371 1451 

3753 6107 
2751 1747 
2251 3413 
2630 3292 
2429 7013 
4829 1754 
7638 879 
4389 5707 
1666 8554 

3923 1862 
9402 7834 
5298 5492 
6833 2401 
2403 592 
5968 4774 
2043 6074 
7233 4794 
7821 5836 

4560 6803 
9129 6989 
3816 3958 
8744 7807 
1190 3133 
3514 2856 
8039 3789 
4718 7441 
1623 6368 

9285 8456 
5122 8040 
5400 1090 
9166 7444 
7164 6400 
8590 4985 
8588 3150 
8141 7717 
6492 1957 

8028 5236 
6116 9218 
4721 9630 
2074 2761 
3420 3145 
6554 1395 
9513 2192 
6204 4635 
232 1604 

5726 9399 
5400 9242 
2151 343 
580 739 
3493 8721 
4809 6337 
7030 9189 
1573 3147 
8407 6295 

2777 6833 
5408 2549 
9978 1962 
297 5844 
506 6501 
479 739 
4457 2557 
6490 9858 
1800 4993 

201 2380 
2084 46 
1101 6893 
6384 8131 
6082 7957 
7630 841 
604 6760 
4027 6012 
9309 4005 

4327 9606 
9849 4833 
2459 6681 
1924 6917 
9238 4766 
6775 1038 
9759 3328 
3418 1844 
3374 871 

5089 9758 
5355 7524 
4068 2985 
8365 1024 
9745 2392 
3389 5407 
2750 7716 
1365 8951 
8901 3825 

5632 7178 
742 4871 
1944 3869 
2261 1704 
7197 2032 
9900 6923 
2903 4989 
6682 8258 
2513 7102 

1244 7231 
8126 989 
5975 7867 
6396 8725 
5583 7762 
7677 837 
7939 9661 
8015 5033 
4532 6311 

8902 3146 
4367 2451 
5178 4267 
9374 8081 
5609 2408 
2692 4474 
9510 3936 
8057 3989 
1277 4033 

1856 4026 
2758 3792 
8140 6787 
981 6079 
6449 5348 
1112 7333 
1659 6366 
479 6027 
8817 2009 

6646 8191 
91 8607 
600 2783 
9434 6462 
3071 7491 
6803 700 
1524 5012 
4726 635 
5156 2866 

7422 2489 
5297 223 
7837 6409 
3909 5848 
9127 4388 
1875 7944 
2750 4874 
2488 2841 
9833 9440 

1976 9267 
2254 1399 
3111 9058 
2099 987 
422 6826 
1622 1930 
6044 5397 
4419 7694 
1972 8608 

4103 5881 
4456 9583 
6622 2684 
7527 9372 
7558 15 
2213 3743 
9455 541 
3011 1710 
8292 6122 

7120 391 
3461 3894 
3569 5084 
5824 5966 
6833 6595 
3660 8805 
5203 4115 
4687 9659 
3698 1309 

2343 1226 
681 6253 
7593 9246 
9997 3401 
6139 9360 
1463 4431 
1834 8583 
1174 5295 
8829 4744 

379 1005 
7062 7212 
7600 722 
2370 2803 
4837 7057 
8814 4888 
4718 1158 
2466 5399 
3763 59 

997 3760 
9812 7136 
3120 1275 
7919 4954 
6210 9093 
250 5039 
189 6981 
2396 7251 
546 9996 

7973 2916 
9151 9163 
6325 7966 
4051 1043 
5476 6517 
2794 9239 
2928 3791 
3000 2741 
927 2472 

368 5198 
3779 2931 
4291 381 
7970 4481 
7362 6719 
1732 4260 
6715 6058 
7176 5867 
5221 9853 

185 9272 
896 5661 
2141 3690 
4900 5069 
7481 4252 
4162 4760 
3077 883 
9958 6856 
3814 602 

7237 8136 
5083 951 
4855 3167 
5212 1571 
9225 8740 
3790 4446 
8594 3975 
70 9490 
9636 2211 

9533 888 
3633 7014 
1493 4147 
8127 922 
5030 4437 
4130 8844 
5039 7719 
6981 6474 
8670 1836 

9642 234 
3407 8867 
8975 7197 
3314 7569 
7524 3384 
3411 3512 
1948 2944 
753 5581 
6311 2246 

9728 790 
9520 4759 
5227 3650 
3603 6619 
1369 6936 
3093 39 
8773 2735 
6626 2180 
7955 5601 

5730 1269 
9522 9606 
1005 2933 
3119 2953 
2230 3872 
4886 8541 
2470 967 
5683 1990 
2078 7262 

5640 5681 
3881 3361 
8970 3327 
9752 7743 
2414 6378 
6275 369 
1979 2005 
7990 1501 
1612 8996 

787 1083 
8301 3017 
4955 9540 
7910 7425 
507 9945 
5767 2585 
7207 7759 
4618 1089 
1120 3588 

768 872 
1331 3182 
7251 7607 
9904 5582 
5964 7894 
3436 3928 
3242 4223 
1363 1544 
3592 6318 

7436 7854 
95 7943 
7799 2214 
528 5006 
9973 1498 
2447 1093 
5087 3215 
8318 2770 
2750 1921 

377 2654 
7503 2694 
6900 939 
2974 143 
1514 4338 
8039 5106 
7008 5475 
2960 7104 
9770 759 

9318 298 
2118 5644 
1796 4565 
3089 3235 
4133 1407 
6006 6883 
3328 2735 
5889 7184 
5429 9141 

8123 4756 
5636 9638 
9094 27 
1096 6102 
5502 4057 
9558 1624 
1168 5229 
8274 3286 
873 6423 

7852 3962 
9658 1985 
1722 5664 
5220 5050 
8400 7461 
2234 181 
6602 6710 
4937 2239 
2700 383 

2266 3796 
2838 4121 
7853 2396 
2097 9022 
7625 372 
2308 4850 
6795 6512 
8813 6453 
4849 535 

8470 69 
1937 3222 
7530 524 
3403 485 
7234 4693 
9076 6286 
1428 7694 
82 4266 
1815 7936 

6663 3913 
3310 640 
637 1970 
5491 7432 
8483 4304 
237 3332 
1191 8707 
9754 9480 
1929 3636 

4 1685 
4121 3590 
2730 3197 
9876 4158 
892 9959 
8425 9059 
4247 1440 
9324 7557 
2080 9961 

5879 7571 
3745 4362 
8227 3983 
4047 5770 
2690 3801 
5251 4620 
7437 1607 
2657 7911 
5198 5387 

1108 1426 
9545 8352 
7737 4322 
3764 1984 
5762 3088 
5893 4195 
9402 8125 
1766 9499 
2487 6346 

3482 2886 
8468 6173 
6687 71 
7145 477 
1679 9802 
8388 3229 
1541 9496 
4655 1086 
4201 8745 

5409 7965 
7081 7523 
7405 9327 
1718 3159 
7452 9837 
2659 9939 
6183 6141 
9178 1003 
8666 5865 

1075 2163 
6342 2754 
8317 4730 
2335 9858 
579 6990 
945 1132 
2087 2706 
9097 9169 
229 2854 

8496 8300 
6014 5948 
8137 8673 
2239 672 
4814 1417 
1675 9833 
3635 2750 
1996 6329 
1856 314 

7412 4191 
172 4343 
7534 7469 
5475 9621 
6527 924 
8790 3109 
3778 3638 
1409 9792 
5938 9546 

8465 4530 
218 9632 
5947 1893 
9465 5934 
4644 1461 
2264 2852 
8127 6028 
7044 8300 
371 4578 

2121 2198 
4199 8649 
3122 9342 
1758 6900 
9332 3167 
3045 5271 
9065 1510 
9801 9283 
7494 2100 

7528 6959 
4387 8524 
4773 3003 
1377 2900 
9031 8421 
7552 9402 
2999 6026 
1600 3550 
4675 1074 

2892 2785 
7974 2225 
2304 1019 
3848 1369 
8882 3649 
7004 2728 
2101 4532 
6040 6488 
3057 813 

9491 4434 
65 8522 
2855 3970 
4276 5854 
9996 2228 
5756 1023 
3302 8649 
160 7629 
7226 2464 

5000 1074 
185 234 
1075 7189 
2963 3176 
1721 9003 
6017 4778 
6168 5508 
9212 6233 
383 2067 

6555 4659 
4273 2903 
3240 30 
3926 2894 
5031 4086 
6875 2257 
2902 1876 
9683 3087 
8462 758 

276 1425 
286 1998 
428 6303 
3128 6596 
1812 2341 
9182 8547 
760 5737 
9558 1386 
4993 2798 

7768 8919 
2045 2799 
9358 8920 
1408 8612 
7148 1091 
1700 5611 
8201 8328 
7036 4839 
6678 3817 

1143 9807 
413 9307 
2148 5947 
7854 9260 
1685 7412 
646 3030 
6563 8414 
1949 8608 
1213 7659 

3880 8973 
6272 1029 
6416 4324 
6640 4617 
2652 28 
5809 5683 
3845 6952 
5490 4259 
2611 3990 

206 465 
3250 8243 
4229 3897 
1273 7144 
8663 9575 
5752 6229 
3586 9633 
5202 6210 
7014 1619 

6886 3654 
2588 5891 
34 8397 
1574 3880 
1701 7064 
4491 4312 
1054 1049 
1129 4304 
9293 1711 

4553 6918 
8855 3217 
2845 4608 
9446 2784 
593 4648 
8994 7607 
2619 5881 
7613 1560 
8124 7647 

6309 9698 
7879 8011 
6762 2370 
8675 4168 
3420 9805 
4824 9065 
1516 9378 
5983 371 
8947 5181 

1331 8393 
7965 8276 
9393 3311 
2235 2013 
5544 9848 
9925 3668 
3848 6234 
3366 1727 
4245 6480 

4098 2921 
7000 3870 
9078 1825 
2935 594 
7555 5270 
7317 6502 
451 5001 
4895 4768 
3277 640 

4432 5513 
9005 9976 
1713 8930 
3645 1913 
5165 3363 
3641 5762 
6196 4091 
8683 3196 
7961 4113 

1373 7248 
1059 8928 
2518 8377 
1782 9322 
9730 6677 
442 9359 
3670 4874 
4872 2675 
4851 2938 

1606 4848 
1203 3123 
4563 4844 
8885 759 
5287 3921 
308 9600 
8034 1681 
3200 9094 
6962 5719 

3823 8744 
5041 3553 
1774 5483 
2912 5444 
6710 4137 
8119 1561 
3427 6077 
2761 4630 
9200 7324 

5827 8086 
4436 7466 
8359 4744 
7067 6393 
2777 267 
1839 6091 
2338 5662 
1188 3731 
5567 2962 

5567 4832 
4758 2277 
8969 2877 
190 8748 
5307 2951 
3378 4507 
6627 9205 
8945 1063 
3024 7304 

2159 91 
50 1289 
6710 1889 
7380 5401 
7552 8568 
5484 3119 
7882 1051 
7951 2640 
9680 3272 

1870 9870 
2020 7177 
2821 1751 
8036 9449 
956 6982 
6864 3980 
638 9024 
423 688 
6665 3486 

2578 397 
5239 6482 
8966 723 
9601 3200 
8127 3905 
5841 7807 
3529 4063 
7678 5550 
1240 6851 

3653 5628 
2652 961 
8962 9517 
1294 9601 
4893 1717 
289 1558 
1555 9219 
1955 3146 
5701 7273 

3870 1655 
6826 1997 
1912 9019 
9804 5441 
3082 3834 
7343 674 
686 996 
6302 3338 
1958 5265 

9207 3252 
1218 452 
1321 1507 
8362 9229 
7079 6670 
8727 9132 
3943 2597 
787 7121 
946 2699 

6140 7103 
4493 5574 
937 8188 
6248 7975 
5537 8903 
7666 3847 
4168 6873 
7099 5386 
3678 4772 

3245 2040 
353 6676 
8710 9081 
5809 9006 
8030 6596 
6127 5329 
5648 8620 
2432 6493 
4194 9721 

4681 443 
4049 218 
9346 1715 
4065 9866 
4940 7516 
1604 8618 
8641 1201 
659 5346 
7878 5721 

4427 3687 
4727 8810 
6635 855 
4139 8635 
9475 2923 
5128 21 
8996 6162 
464 3045 
2732 6162 

1112 3150 
2380 6053 
7018 3984 
1023 2011 
5186 8034 
7358 9416 
3756 8137 
9455 8483 
6947 6090 

5690 7438 
1078 1517 
6713 2558 
1539 5710 
8720 2003 
5107 7805 
4518 6220 
955 6898 
8625 4325 

7235 9648 
6337 8773 
7683 47 
8189 1439 
8184 7644 
6274 1484 
86 1965 
5274 1164 
3482 1988 

3723 5021 
7698 8795 
3377 2805 
6600 7895 
5377 3907 
1145 4002 
4585 8380 
3651 922 
3505 7686 

7321 1694 
5477 5505 
5690 1751 
3341 5777 
3716 8616 
6941 7199 
604 7016 
8572 4654 
5812 1949 

3811 8764 
6196 9189 
9024 3694 
9543 3609 
2074 3194 
883 1932 
7232 8204 
3626 2709 
61 9317 

4461 3403 
5094 8177 
2019 8387 
1728 8975 
1756 301 
3629 7568 
2250 3792 
2684 4799 
9333 1708 

8493 8877 
1669 6919 
8423 2552 
8851 5656 
7108 2478 
8365 7170 
8147 9178 
6925 9593 
7356 8944 

4332 5436 
4271 6088 
5737 4252 
8 4340 
8044 2693 
9139 7378 
753 3984 
6255 2423 
903 1030 

1327 9755 
6686 4788 
8585 1404 
1958 6732 
582 8883 
2677 4290 
4179 7009 
9727 4802 
3098 1816 

9054 3106 
6156 7098 
5799 1647 
828 2905 
5631 3435 
5328 6535 
4466 3007 
2642 7504 
7795 1227 

8908 6105 
4311 9491 
1340 6988 
3781 5519 
3997 3508 
321 3447 
5325 5727 
6554 7833 
9178 8705 

5833 6 
1610 1464 
9794 3290 
4351 612 
2650 6993 
8116 445 
4572 7025 
2903 8883 
2868 4243 

2223 6649 
9763 2573 
6510 6436 
6020 8187 
8516 8926 
6020 7694 
7632 8205 
4052 5594 
6022 3846 

5237 373 
4458 7887 
3719 8927 
4684 4643 
5952 7587 
3527 8820 
1831 2102 
1821 7946 
4675 8331 

734 7048 
6518 9250 
5974 8891 
3296 3606 
7096 7349 
5553 3118 
1195 790 
9844 2006 
5029 9915 

933 6065 
4558 3237 
5 4437 
2057 8188 
6540 230 
2486 7567 
8562 3220 
4615 1432 
8823 590 

323 2119 
548 3772 
9468 2453 
3242 7016 
9595 9438 
9022 4624 
9353 6307 
7042 3912 
9544 7047 

8349 7953 
5235 1241 
8183 7721 
8809 6745 
7293 9776 
8178 2468 
366 4853 
4588 7267 
4977 408 

9720 4572 
7424 9316 
4010 2798 
292 9716 
9105 7334 
9980 8649 
733 8329 
6602 5968 
5923 4786 

41 4732 
7883 3687 
860 2413 
6155 1227 
3619 7095 
4846 4948 
7504 4566 
9520 1280 
234 9883 

431 527 
9599 9536 
4213 9579 
4538 4947 
4260 7492 
7267 6535 
8630 3661 
1267 6514 
7348 2128 

5279 3503 
9707 8898 
599 4553 
3847 4455 
5471 9719 
2087 5706 
9602 2518 
2585 5553 
8407 3150 

1484 2945 
4449 2097 
6789 8069 
8632 5420 
1730 6252 
8286 9078 
4732 3565 
8933 791 
2464 5884 

5344 2663 
339 7167 
2382 8779 
9225 8337 
1297 8162 
3890 9704 
1313 1727 
9001 2114 
3824 5791 

183 8808 
7563 1913 
5060 5849 
7343 9792 
9414 2629 
583 8230 
8513 2279 
893 5205 
5799 9628 

3984 5024 
7965 1633 
3187 8207 
1338 852 
9934 6691 
2966 110 
8834 3150 
8919 6397 
1415 3979 

8598 5111 
124 8013 
7740 7059 
6243 2605 
5691 3489 
7810 1490 
3117 8146 
6514 7434 
9780 6053 

5641 7470 
6905 1928 
4161 9872 
2038 9348 
9374 957 
2097 789 
1289 696 
5900 7765 
8709 9992 

4824 1304 
2598 6867 
1145 6760 
8357 4262 
1259 4872 
1696 1039 
925 3690 
4861 4183 
5618 5374 

4055 7656 
4722 3429 
4966 6820 
570 2607 
7516 2823 
372 2577 
2815 1548 
233 1765 
8416 1379 

4878 3125 
5641 6137 
7997 3690 
3528 5275 
7380 8389 
9458 2998 
3763 9865 
7006 8486 
9646 1972 

1658 216 
4579 5526 
3039 1303 
4455 2207 
9204 4688 
3972 3972 
6067 8850 
7097 8061 
1339 1447 

8103 4867 
6722 1835 
3256 2532 
4833 3372 
8749 1839 
8210 8395 
164 9868 
8611 1095 
1746 8003 

8751 6201 
210 7955 
7241 534 
8279 3309 
5737 1728 
7722 7076 
3175 5825 
1944 6249 
7660 1552 

5133 8845 
4924 3882 
7036 3134 
2277 3552 
9354 7241 
4648 1100 
1596 3399 
3653 1806 
7706 895 

2340 5985 
556 8077 
7713 8278 
1506 7241 
455 3450 
3490 4467 
1354 8624 
9664 6279 
2506 6700 

9413 1136 
253 5120 
4729 1253 
6220 6325 
4652 9874 
4483 8710 
769 3175 
4695 1325 
7605 8760 

5955 9111 
6001 2762 
8913 5844 
7229 267 
4468 6893 
6546 3326 
9945 2312 
814 6550 
7432 5543 

4155 4 
1868 8807 
6230 6351 
7517 6999 
5879 8564 
4676 3484 
3677 6983 
2595 6030 
9745 1508 

1874 3326 
1775 2694 
6571 4674 
6021 2869 
3338 3187 
9419 7122 
8731 3575 
7126 6951 
8734 3357 

9655 2604 
6708 5534 
7520 7737 
9018 7549 
4720 1613 
3580 818 
9473 5454 
4144 7600 
8149 7068 

8626 522 
9937 1964 
3709 5708 
9086 8792 
5635 2565 
5744 722 
5922 1751 
3326 8982 
7285 7198 

3071 6303 
4748 7792 
4268 8328 
4962 93 
134 5458 
7693 8283 
2526 6320 
5157 8815 
4636 8867 

4524 3723 
4011 6511 
2640 9755 
7233 4914 
1506 6911 
3896 5143 
4110 6968 
7798 8858 
1112 2066 

3538 2426 
2159 3672 
7884 6205 
8308 6763 
8877 9817 
1930 3513 
8684 2806 
3588 9048 
9318 6228 

8803 6551 
1142 6662 
3463 1391 
1805 3925 
8359 5956 
9135 5823 
8022 2673 
8249 6534 
2697 2485 

9091 7357 
5600 7968 
7175 3883 
1481 2211 
6689 5070 
1259 6007 
1298 6415 
8911 8793 
9429 2374 

184 7586 
6299 4895 
3542 5434 
718 1565 
4459 5319 
4451 3508 
4156 3542 
866 6109 
7862 8041 

9992 9343 
252 6681 
765 7864 
9041 8416 
4279 7952 
7209 3708 
6678 7393 
1294 2977 
8640 4837 

4763 5710 
2754 9222 
1029 7205 
9082 1537 
7099 9948 
7646 4961 
7989 3990 
656 4594 
672 1422 

2458 6065 
9838 6737 
4017 7047 
6797 695 
792 8091 
24 9432 
9280 4787 
5142 2034 
361 2523 

5591 9443 
412 2690 
9392 8059 
4003 3733 
8401 4660 
4679 9073 
6082 7137 
1490 5920 
226 5507 

9319 3375 
6202 111 
1467 2578 
5895 7099 
7365 7389 
9134 4078 
6264 4725 
9874 6676 
3768 5618 

4735 7771 
5703 3137 
2431 383 
8562 4865 
3872 53 
7137 451 
1912 6456 
3826 4467 
2919 1645 

7045 5166 
8745 763 
2555 7879 
4841 8819 
8956 1067 
5496 2724 
6685 6583 
496 2389 
6072 9279 

2772 987 
4145 2996 
7392 7634 
3447 9304 
4091 7274 
3771 7010 
8919 7169 
2177 7664 
7932 1084 

