Translation # 0
1750910 1459527 3187689 3161235 8822 
1807802 1329867 2540006 2837057 592 
1805754 1746570 2813769 2904411 -4617 
2108765 1566294 2880175 2426019 -6365 
1638474 1685856 3459814 2724278 -6429 
1578076 2053543 2727878 3364394 -6018 
1715315 1919402 3095345 2788412 2279 
1422016 1757625 2880925 3633656 734 
1709184 1685382 2392401 3372185 -9962 
2180129 1809340 2658772 2908961 -4330 
1879039 1475584 2728598 3118016 6507 
2176160 1617879 2828581 3139366 1933 
1522331 1955933 3669862 2755591 -1410 
1749399 1798944 3159062 3477798 -257 
2071360 2142112 3067728 2755885 1021 
1697871 1957355 3389417 3195909 601 
Translation # 1
2145495 1607321 2430536 3531985 -6552 
1830894 1878140 2822240 3024804 7214 
2283693 1868147 2709125 2731342 -809 
1298683 2047155 3408014 3247705 7288 
1731263 2307747 3106590 2763488 3403 
1647370 1692054 2842383 3229755 3888 
1806438 1245457 2694891 2509478 5566 
1627220 1967604 3355768 3144194 9314 
1455889 2462352 3232939 2863075 14453 
1828515 1607132 2445183 3087569 1397 
1783712 2007032 3121837 3536758 -258 
1813376 1409231 2658361 2900206 7550 
2122555 2034195 2936299 3487933 675 
1638122 2172656 2975025 3033946 4317 
1915098 1788488 3113850 2883780 -5451 
1231652 1985118 2941667 2495401 7639 
Translation # 2
2012742 1662844 2784497 3038678 9387 
1806409 2103626 2632593 3503176 8138 
1492410 1289669 2909297 2870250 166 
2127203 2127893 2926746 2476190 6244 
1965060 1758412 2951814 2785350 7556 
1511054 1507106 2983687 2747434 1109 
1700023 1838464 3625009 2906907 5280 
1698266 1667848 3245812 3481191 4237 
2112023 1881625 3722234 2667241 7457 
1955227 1583689 2389916 2586735 3308 
1689623 1217252 2890841 3078746 13076 
1676841 1885669 2949071 2672131 7464 
1954695 1672978 2560771 3411483 3648 
1715453 2073504 2470126 3660376 -255 
1613744 2019307 2661908 3613294 -2080 
1720178 1872053 3080877 2898720 -1161 
Translation # 3
1632699 1617792 2539035 2908795 15207 
1629951 1420137 3260246 2899549 6161 
1906524 1942577 3025428 2898221 14407 
1874709 1650790 2805168 2791562 2786 
1960020 1820311 2297919 3133914 4172 
1338714 1763996 2979577 2979382 10091 
1624145 1664899 3242029 2820537 8056 
1819918 1429826 3164271 2484934 7610 
1758163 1992188 2743136 3445127 3092 
1996013 2063503 3473599 2615835 7982 
1588500 1982382 2719522 2910152 464 
1952299 1845827 3062978 3451253 4152 
2153277 1671803 2726835 2716166 1873 
2035164 1726478 3015122 2929125 11002 
1935111 1983640 3464408 2662696 6405 
2228270 1917538 3624148 3030511 9717 
Translation # 4
1866898 1815125 2753716 2831542 1260 
1793246 1513661 2464538 2687675 4239 
1891326 1848320 2467596 3231702 10910 
2055814 1984619 3214985 2885291 7333 
1777315 1845222 3179851 3100478 9884 
1866666 1862727 2866557 2527800 10216 
1804445 1593107 2917539 2867673 5032 
1521429 2166988 3131900 3288680 -687 
1981501 1667468 2703818 3305821 7838 
1933493 2223530 3183827 3209071 6401 
2017444 1510260 3184824 2566891 4162 
2039879 1369279 2962510 2991888 3978 
1641065 1796928 2824924 2927115 4133 
1855041 1840798 2855386 3287614 2852 
2116915 2013187 3316105 2974086 5968 
1740949 2201853 3142098 2651130 3931 
Translation # 5
1981647 1739120 2418560 2853040 3264 
1809232 1640489 2808370 2836450 544 
1384130 1558553 3122096 3716054 1713 
1909434 2075051 2648459 2763014 6699 
1979707 1688442 2871954 3068444 2747 
1931488 1798266 2713065 2625544 12722 
1918625 1866557 2981739 3291529 -2419 
1788426 1782261 2853518 2552819 7857 
1672919 1977087 3286417 2555675 7203 
1800926 1819110 3149654 2795612 7997 
2198421 1755510 2593366 2757259 -6930 
1869787 2136212 3269156 2519103 925 
1824407 1710848 2542860 2401767 5291 
2149496 1580785 3021241 3000720 7220 
1607335 1924176 2909350 2765191 7787 
1661063 1594357 3353454 2797976 5702 
Translation # 6
1863253 1746038 3102613 2722718 -1117 
1817825 1820349 3018913 3117579 11306 
1686316 1899339 2566130 2769078 656 
1982659 1711426 2804601 3199775 9929 
1940035 1459230 2901540 3212226 -1358 
1860251 1774365 3386885 2738694 16290 
1696039 1745253 2809500 3134837 11669 
2142795 2025923 2437869 3464531 14522 
1630965 1552932 2872169 2695521 6985 
1668937 1836916 2887303 2753361 2605 
1600860 1890791 3916364 3388264 1499 
2021277 1594849 2911269 2747372 2225 
1385786 1909260 2789284 3235133 6228 
1788398 1802777 2961058 2195756 7918 
1822026 1823525 2984075 3293167 -4849 
1811755 2271263 2800262 2983294 2089 
Translation # 7
1831681 2088322 2937793 3765013 9476 
1672706 1754761 3328665 2814624 1323 
1540798 1592448 3066025 3067052 8203 
1713259 1961558 3060538 2835436 8245 
1989417 1575569 2875466 3143395 8212 
1901710 1672962 2484420 2784725 10368 
1693243 1989564 2980681 3566452 9025 
1831744 1905486 2968975 3018103 601 
1736853 2282483 3313487 2838350 6246 
2199278 1542781 3026082 2256036 10634 
2162528 1991194 2606766 2640133 7455 
1523591 1972765 3418761 3652096 16303 
1570285 1615218 2961441 3110033 -675 
2138778 2163452 2880739 2918862 7054 
1964361 1379267 2897641 2604775 4430 
1857453 1352406 2947181 2546660 3653 
Translation # 8
2132657 2290222 2641950 2328247 5419 
1735720 2353495 2966966 2682790 5899 
1447908 1732596 3493512 2282828 -1298 
1877085 1814966 2673297 3389840 2019 
1694739 2068697 2755334 3148742 6653 
1786761 1919263 3099913 2729828 12183 
1825473 1862415 2162782 2920501 9367 
1578244 1874143 3112026 3316280 1615 
1539972 2173007 2502147 2702409 3242 
2382393 5237620 7458208 6667603 3721 
3667190 4993243 7108297 7901379 -4657 
5250750 4591790 6883433 6770831 5121 
4781078 4579631 7204158 7307778 11393 
4334948 4240344 5140323 8300891 6035 
4930845 3379045 5142963 7133793 -214 
3713230 4929698 6505012 6960567 -3309 
