Translation # 0
-1750906 -1459526 -3187682 -3161225 -8813 
-1807798 -1329866 -2539993 -2837044 -578 
-1805750 -1746566 -2813762 -2904404 4628 
-2108759 -1566293 -2880169 -2426010 6366 
-1638471 -1685855 -3459813 -2724265 6442 
-1578074 -2053542 -2727878 -3364382 6025 
-1715312 -1919401 -3095334 -2788397 -2276 
-1422016 -1757624 -2880921 -3633643 -722 
-1709184 -1685381 -2392398 -3372179 9962 
-2180129 -1809335 -2658766 -2908955 4332 
-1879032 -1475583 -2728596 -3118009 -6497 
-2176152 -1617878 -2828566 -3139352 -1929 
-1522327 -1955928 -3669862 -2755591 1418 
-1749400 -1798945 -3159063 -3477799 272 
-2071357 -2142107 -3067713 -2755870 -1016 
-1697867 -1957354 -3389412 -3195909 -595 
Translation # 1
-2145494 -1607316 -2430528 -3531974 6559 
-1830893 -1878136 -2822236 -3024800 -7205 
-2283690 -1868142 -2709114 -2731331 810 
-1298683 -2047150 -3408001 -3247695 -7283 
-1731256 -2307742 -3106583 -2763474 -3397 
-1647369 -1692049 -2842371 -3229751 -3880 
-1806431 -1245453 -2694877 -2509464 -5552 
-1627212 -1967599 -3355754 -3144188 -9303 
-1455882 -2462347 -3232937 -2863064 -14449 
-1828512 -1607129 -2445183 -3087569 -1395 
-1783709 -2007028 -3121824 -3536745 270 
-1813377 -1409232 -2658362 -2900207 -7537 
-2122549 -2034190 -2936295 -3487932 -672 
-1638119 -2172651 -2975025 -3033931 -4317 
-1915095 -1788483 -3113847 -2883767 5466 
-1231650 -1985113 -2941658 -2495401 -7629 
Translation # 2
-2012734 -1662843 -2784487 -3038668 -9386 
-1806407 -2103623 -2632591 -3503174 -8136 
-1492411 -1289670 -2909298 -2870251 -155 
-2127198 -2127890 -2926745 -2476188 -6236 
-1965060 -1758409 -2951800 -2785338 -7549 
-1511050 -1507103 -2983678 -2747428 -1106 
-1700021 -1838463 -3625000 -2906898 -5270 
-1698259 -1667845 -3245802 -3481191 -4225 
-2112021 -1881623 -3722219 -2667226 -7448 
-1955225 -1583686 -2389901 -2586722 -3295 
-1689618 -1217249 -2890837 -3078732 -13072 
-1676833 -1885666 -2949064 -2672121 -7459 
-1954690 -1672977 -2560757 -3411469 -3642 
-1715447 -2073501 -2470118 -3660361 270 
-1613742 -2019304 -2661903 -3613285 2094 
-1720170 -1872050 -3080874 -2898718 1161 
Translation # 3
-1632699 -1617789 -2539032 -2908792 -15206 
-1629949 -1420132 -3260235 -2899538 -6149 
-1906522 -1942574 -3025428 -2898218 -14404 
-1874710 -1650791 -2805169 -2791563 -2784 
-1960013 -1820308 -2297908 -3133913 -4168 
-1338706 -1763993 -2979570 -2979374 -10086 
-1624139 -1664896 -3242017 -2820527 -8049 
-1819918 -1429823 -3164256 -2484921 -7601 
-1758163 -1992183 -2743129 -3445120 -3086 
-1996013 -2063503 -3473584 -2615820 -7974 
-1588499 -1982377 -2719510 -2910140 -464 
-1952299 -1845824 -3062973 -3451246 -4138 
-2153275 -1671800 -2726831 -2716155 -1863 
-2035160 -1726475 -3015113 -2929110 -10989 
-1935110 -1983637 -3464402 -2662684 -6394 
-2228269 -1917535 -3624146 -3030508 -9702 
Translation # 4
-1866892 -1815117 -2753710 -2831539 -1248 
-1793241 -1513656 -2464524 -2687661 -4230 
-1891320 -1848313 -2467593 -3231699 -10909 
-2055809 -1984611 -3214980 -2885278 -7322 
-1777311 -1845214 -3179844 -3100478 -9870 
-1866664 -1862719 -2866544 -2527791 -10211 
-1804444 -1593099 -2917536 -2867671 -5028 
-1521429 -2166980 -3131900 -3288670 693 
-1981495 -1667460 -2703807 -3305806 -7836 
-1933488 -2223523 -3183814 -3209058 -6393 
-2017440 -1510253 -3184824 -2566891 -4152 
-2039874 -1369271 -2962495 -2991873 -3978 
-1641062 -1796920 -2824923 -2927101 -4120 
-1855036 -1840790 -2855372 -3287602 -2845 
-2116911 -2013179 -3316097 -2974071 -5953 
-1740950 -2201854 -3142099 -2651131 -3928 
Translation # 5
-1981642 -1739114 -2418545 -2853033 -3259 
-1809231 -1640488 -2808366 -2836446 -543 
-1384127 -1558547 -3122083 -3716046 -1705 
-1909432 -2075045 -2648449 -2763005 -6692 
-1979699 -1688436 -2871952 -3068436 -2733 
-1931484 -1798260 -2713064 -2625540 -12710 
-1918622 -1866557 -2981725 -3291515 2421 
-1788425 -1782261 -2853503 -2552804 -7848 
-1672920 -1977088 -3286418 -2555676 -7188 
-1800918 -1819110 -3149644 -2795602 -7987 
-2198418 -1755504 -2593354 -2757245 6930 
-1869779 -2136206 -3269153 -2519093 -921 
-1824400 -1710842 -2542846 -2401761 -5285 
-2149495 -1580779 -3021233 -3000712 -7209 
-1607334 -1924170 -2909350 -2765176 -7784 
-1661062 -1594351 -3353450 -2797971 -5689 
Translation # 6
-1863246 -1746033 -3102609 -2722707 1127 
-1817825 -1820344 -3018911 -3117573 -11291 
-1686315 -1899334 -2566121 -2769065 -652 
-1982659 -1711421 -2804588 -3199762 -9916 
-1940032 -1459225 -2901529 -3212218 1370 
-1860251 -1774365 -3386883 -2738692 -16289 
-1696035 -1745248 -2809495 -3134835 -11664 
-2142793 -2025918 -2437869 -3464517 -14519 
-1630958 -1552924 -2872158 -2695510 -6979 
-1668930 -1836911 -2887300 -2753348 -2603 
-1600859 -1890786 -3916357 -3388264 -1488 
-2021277 -1594844 -2911254 -2747371 -2211 
-1385786 -1909252 -2789283 -3235132 -6221 
-1788399 -1802778 -2961059 -2195757 -7910 
-1822025 -1823517 -2984075 -3293167 4858 
-1811749 -2271258 -2800261 -2983282 -2089 
Translation # 7
-1831679 -2088315 -2937782 -3765009 -9474 
-1672698 -1754754 -3328659 -2814619 -1319 
-1540798 -1592441 -3066025 -3067042 -8202 
-1713259 -1961551 -3060534 -2835432 -8242 
-1989418 -1575570 -2875467 -3143396 -8199 
-1901706 -1672961 -2484414 -2784719 -10360 
-1693243 -1989557 -2980668 -3566450 -9014 
-1831742 -1905485 -2968963 -3018091 -587 
-1736848 -2282476 -3313475 -2838343 -6239 
-2199276 -1542774 -3026074 -2256024 -10624 
-2162522 -1991187 -2606751 -2640133 -7449 
-1523587 -1972758 -3418758 -3652092 -16294 
-1570281 -1615211 -2961440 -3110027 675 
-2138775 -2163445 -2880737 -2918848 -7039 
-1964361 -1379266 -2897639 -2604773 -4418 
-1857453 -1352406 -2947181 -2546660 -3648 
Translation # 8
-2132650 -2290215 -2641942 -2328239 -5404 
-1735719 -2353489 -2966954 -2682785 -5888 
-1447908 -1732590 -3493497 -2282825 1311 
-1877078 -1814962 -2673282 -3389825 -2005 
-1694734 -2068691 -2755334 -3148734 -6643 
-1786762 -1919264 -3099914 -2729829 -12179 
-1825470 -1862409 -2162769 -2920490 -9366 
-1578242 -1874139 -3112017 -3316271 -1608 
-1539970 -2173001 -2502146 -2702404 -3242 
-2382392 -5237614 -7458202 -6667590 -3709 
-3667182 -4993237 -7108288 -7901372 4665 
-5250749 -4591786 -6883420 -6770818 -5116 
-4781071 -4579625 -7204153 -7307773 -11390 
-4334941 -4240338 -5140321 -8300876 -6029 
-4930843 -3379039 -5142953 -7133784 223 
-3713223 -4929692 -6505004 -6960563 3311 
